19405 24536 67 -16791 -5688 27296 8405 -36345 -22372 3199 8787 11230 30780 8120 11645 3905 
-5477 45957 27915 -1081 -15738 -17567 20664 -10738 34359 -20985 10178 -17231 -3667 -1960 20663 13314 
-23438 8045 -26123 20949 -6222 10632 9402 37386 -15434 16602 16453 -28745 -21986 2130 -3922 -44975 
-26361 7020 -5888 48271 23170 -9308 18997 12889 7348 22407 -9764 15522 11717 -7875 17886 -18834 
-16076 -2727 3485 116 20984 5783 37087 38394 37513 -30914 -2114 20502 -430 -3347 11593 -24422 
4316 -30576 -31067 -38066 -21816 -14598 -17019 -11204 -1661 -40899 -9748 22905 -13511 -20331 19201 -4609 
-18853 -13849 13182 -13362 4402 1573 24248 29042 33427 35554 15635 -1284 19635 13600 21419 -26078 
27016 -11258 48225 12560 -1353 -12715 33480 2548 8767 10752 -19256 -4436 -6181 26514 25317 35432 
-1967 30898 13865 -9962 9849 -25640 24712 -46132 -20647 -19092 187 18924 20795 -15162 17830 24162 
-7362 -5269 1941 4857 -7278 -13962 8900 1418 -25068 35500 -8748 -11627 12891 7036 11077 3034 
28221 -23500 12843 -15662 3990 -9989 -668 6223 41660 -17312 23179 10575 -3274 -2562 12990 26030 
5801 3602 -12213 -5853 -30024 -10233 -14091 -1818 -10847 -21511 10273 -14879 -17474 -2844 8045 -3526 
-9476 8873 -40136 13068 24333 15135 16554 37551 11387 35364 16062 -20708 -506 -13663 -16730 -10284 
-20691 32094 7520 -52903 -25823 -31074 21910 -15446 -13336 -47988 18832 -7188 11530 3953 13694 -2474 
498 13585 -14253 25449 -5729 16815 3077 27563 17602 -5381 -18563 -22315 -38363 -2797 -8942 -17629 
2039 -2390 8830 -46915 -4824 -19567 6020 -24463 -27315 -1604 13869 2138 8663 541 16050 14318 
