8857 -11673 -3239 6740 36051 7017 2689 20114 -18462 -21496 18052 -44067 13029 -42753 -821 -9058 
2901 -7960 -433 3305 30251 23447 27799 -9155 8453 13219 -1137 13849 -33009 -33319 -18556 6535 
-12452 -7324 -7767 -21632 -1675 -47570 -22156 6681 -27135 -24038 4154 23742 14178 590 -10163 -5651 
14010 -33842 -28915 -63372 -13760 7428 -7913 327 -6956 -4586 -14223 15014 460 4193 -3762 12153 
-20772 -4738 -970 -31501 10221 3274 -20661 20894 6908 -22121 -44076 19517 -6492 13236 -762 -20792 
-3288 18193 -37718 25837 -59190 -7457 4914 18354 14526 13451 -5064 -11565 33953 8404 10813 -200 
-5366 -31021 -19884 21169 -114 20518 11524 -42692 -7118 -475 20740 46963 -21822 38760 -13484 -7656 
23536 6519 688 -43779 31205 27598 -31431 8668 -17634 -30528 -51311 -7519 -34419 -11490 -21157 2898 
19545 -2303 2309 -10955 8727 40550 30513 53794 31306 -24375 -24773 -33850 29954 -41909 -4762 -3282 
3035 -10948 -22970 -18437 -14018 10529 -22316 -7443 -15779 -7488 -8315 -1927 5203 -6018 7246 -11723 
12285 11077 7107 34703 -10799 22364 41856 -4067 30265 4080 -4907 -7176 -6961 16516 -20108 18952 
1813 9659 -18409 2305 -16994 -16210 7357 16132 -4036 1511 -2124 -15802 15544 -19888 -3222 11530 
-29233 -12147 445 1479 -20815 -22992 -16730 -33198 -4605 11743 13760 14446 -17705 20687 28069 -32693 
-2064 3313 -14126 29169 13857 23268 -5999 8624 5807 22498 10067 -4683 7816 -35883 7378 -36199 
-26736 1218 -5454 -43668 -6653 -32366 -12854 -740 -13805 -5435 -28409 17238 -39903 18932 23090 3870 
24193 26482 18511 57306 12773 24482 19085 -11021 20751 -10575 23120 6428 35031 -14269 -29944 -11463 
