-7636 25905 15646 5359 -11796 -28479 18917 8637 -25204 31989 12304 5242 9525 28088 13684 -35773 -34881 19803 -9073 -21124 55765 16236 -4123 8888 26739 -29172 -28615 25157 16733 25822 17115 36992 
-841 4659 -85616 -31899 -44190 67637 45546 37622 -13161 35326 32462 -64374 3076 -37169 -15989 -11003 -74179 -29584 -6868 -19096 -17789 95898 -44752 28152 -6870 -10137 66200 -17681 -1143 4075 8882 -19614 
7697 -19551 35779 -10466 -16821 -30546 -5462 -51540 26959 19875 -15861 -5487 23087 -5952 17157 -14029 -17645 26119 -19686 14711 47285 -5475 76937 35702 16293 5154 -37391 14797 -16509 4979 980 -4082 
-68736 -54122 -11936 13352 -23540 -13718 22792 -44473 -49134 4423 -43030 26698 -40616 3841 35754 -8842 17469 13416 -9797 -17215 12420 17305 30998 30792 81772 -7231 -39403 8021 -16205 28851 5324 -31300 
10925 20878 -22858 -45519 45493 9747 15877 -29849 41135 -50814 15420 26011 -23148 -9516 20799 39172 40547 -10515 12741 21606 -65119 -13135 -19615 -25630 -18891 -24157 9144 -23927 -45257 -62524 -49337 -16377 
26316 -33555 4170 44238 4631 -5086 33384 -33562 5668 -17865 -39318 -38892 4224 -6917 32523 16493 -13602 -44326 -29263 30934 46415 -36253 33500 9699 46391 30743 38628 24158 8027 29798 17171 -23256 
-44238 43705 -41288 25545 -6117 26403 9079 -58058 5940 -29013 -7444 -10389 14357 -74027 23951 -30603 43030 7704 -70287 17168 -579 483 -37625 -26621 15507 29873 9003 -31250 12574 -8318 -2809 -14354 
8042 -1957 14502 -23169 36415 -35088 10192 43806 -19731 50763 12916 -349 -1534 21644 -42647 -41439 -39074 -35651 -2990 -54293 5560 2968 -53422 -68404 -1032 -9462 19293 9880 39235 -3851 -421 -15023 
-4785 2288 -34526 22808 56270 -28219 43728 32192 -24921 -33742 66166 -30506 18402 -14750 -18998 7740 -65410 -40183 4624 -41595 24506 83875 -46218 -16079 -7816 -7929 17779 -11613 -37851 76402 -3447 -49393 
11008 9542 -1354 11255 12879 -23865 -36551 13463 -7621 13814 6606 12636 28907 -14481 -21550 -74879 23071 24665 -25273 18876 37117 -17039 28549 -80015 -30525 36588 -11399 -18004 19191 19089 38310 -60909 
-33135 24644 38472 -37059 30892 -18540 50115 -31268 -8359 12543 -44289 41986 -16243 -8949 27143 20612 33344 8455 -15799 38091 -71315 -20503 -15122 -24833 7239 -48810 -29194 2084 -43616 -81311 -80949 -14575 
3750 25054 -16118 -32089 9827 10855 -17832 36359 15939 28560 13161 -54187 37341 -5251 2915 -55626 10814 -42168 -24490 -11075 8392 -7183 22387 -19537 18815 -1278 15349 1332 13052 -31715 -2880 -7672 
-38389 1863 19639 21525 5430 13919 -1483 11384 -46865 -54064 50075 23907 4288 -37048 -2126 -22328 -39696 75289 -10189 -31986 -42475 14763 32000 10705 -58758 -19265 -54542 -3869 7896 2331 6822 35911 
-19704 -39075 32220 -10521 36770 -51668 14780 26813 -2834 16183 53357 6838 -53474 35672 -50083 41637 19008 -23023 36813 -13926 -10374 87010 2148 12763 7885 -76857 -9920 -30909 -75037 35188 -15671 14100 
24075 16948 15392 -37007 25868 37006 -26558 -9824 29339 35903 8449 -5207 -1241 -30334 -2238 -13253 -70218 -29634 12858 10041 -22983 32754 14624 69125 -10394 -8742 40535 -15304 33218 12402 31593 -33350 
-7204 7204 -27955 -40994 -9669 -3455 -26015 53455 13285 -21943 -9803 -15825 29406 9677 -10339 19411 -19610 -13136 33429 19988 8992 -627 46790 26537 -6475 18965 -19220 29280 -23520 2492 -19649 -11383 
12786 1220 -30340 16779 -20076 37553 -64113 -23695 45999 -18528 -19610 -31393 17524 28057 -3265 42951 -15556 36682 31490 21917 6057 -8391 22337 26955 -20451 17685 -16604 -13528 -2884 1483 -709 12935 
-43875 82521 -49031 -30680 24413 29645 31875 40881 -27861 -33762 32785 6465 -11002 7080 -23378 -1935 18717 -38571 -33320 -30589 -5448 9533 -45285 -19360 -14746 -35438 -34459 32106 -10848 -26385 -29338 22873 
-35280 -14310 12488 13174 12462 29620 47219 -17465 -36321 -3767 -8388 20350 -18540 -13681 7253 46182 -33967 -57948 3517 -40513 24781 35267 20778 34316 34228 -12402 9885 -14272 9081 59567 -17036 6913 
13288 -14945 -8210 1767 12589 -5654 -39836 49890 -28137 -4710 24529 -14140 513 52149 -14259 -26867 -24304 11027 35140 -53965 49070 -42261 -2507 -25647 -5498 -33347 -6755 913 7620 5301 1981 21562 
28038 1279 -38973 46634 -8596 -16967 -14139 -34234 -2652 -13427 -43102 -32154 954 9204 -691 16028 76 -35235 -39106 26413 88580 -63949 26258 24430 14412 16852 12089 33790 31139 51549 9232 15092 
-4496 -30176 -22185 -30192 -26622 -33926 10679 35020 4161 -34525 24141 14585 -12156 -2309 2897 -21504 42607 16032 -12927 -55965 -22175 -14 -10272 -6309 15596 36468 36106 9883 -8833 -14272 44891 -32745 
22314 -27399 -16889 -621 -61870 -20457 10237 -42986 38702 18477 -58212 -36891 -36379 -11031 -37189 -5476 24499 -12684 -19872 -9816 31168 -38964 -49868 2118 51755 52931 80432 19296 48567 -15104 24237 14418 
-60090 2136 -16823 -7767 368 -15588 44787 45383 -70456 -67142 4596 3145 -39737 -31125 -20983 10387 50710 7499 947 -84688 -16149 -32774 -29318 -11776 9745 -45215 -26205 49442 4560 2474 -8386 59900 
-22263 11101 1614 30592 4010 -39050 -9524 -6084 -18136 -24153 -30379 32900 -40609 1055 -21275 3118 21392 36652 -978 -13218 14296 -765 -21614 -31985 4736 4650 -42204 -1135 -103 5765 -24794 -24247 
-23107 4082 -5222 -28298 -45924 3282 -6422 95505 -45808 11948 4568 -19969 41522 -14118 3723 3166 10803 37592 81217 -38660 -3874 80503 13154 39189 26686 26329 -21703 5902 3996 69058 19576 6335 
9059 48424 53190 41044 46279 6247 -1395 -3006 32656 -7618 -27251 26360 5243 -30739 -10990 52018 22244 6877 -6166 -18418 23096 -58622 27668 -26929 -9709 -636 -91361 37129 65189 -16323 -56331 62244 
-38504 -46566 -18060 45735 1707 -15449 30190 -30866 3836 -92750 -27626 -3362 -53627 9349 -13321 26791 -27666 -26273 -11121 24156 -522 -33711 -28826 -30803 -20211 13788 38295 27997 -37842 13154 14727 -16204 
-22374 73514 12629 -27350 38801 -57324 13820 -3245 -6492 -9497 4218 39522 21359 -67373 -1898 -45843 11885 40748 -46966 -11845 17816 -7431 31171 -53930 -10272 -7471 -105861 39487 23032 -36463 -48861 -10697 
-16983 -26533 17536 2077 -24048 15197 20697 22641 31810 2851 -3662 -14607 -40758 -31706 -10759 46334 45151 -13947 35325 4671 -62960 25247 24635 -8647 16023 -22501 -15515 -5030 3118 -21369 -17162 48137 
58086 -12482 43684 -3332 21391 -16184 -60355 6824 -19756 105022 -3868 -4363 -383 -2213 -27521 -47943 43744 4433 26383 -23628 31629 3606 531 -41123 15787 -3320 -13509 -36459 62061 28058 17092 -11587 
-42868 22271 804 -187 37690 35063 25575 -16134 -52799 14221 -15723 22539 -41554 -9127 -16744 44026 -37613 -8038 5250 5739 -5886 26751 10354 55926 -6005 -97503 -71411 9059 -36765 -5428 -74148 11536 
