  -76  -36   84  -73  -59 -124  -59  -40  -22   54  -84   93 -112  -32  -88  -49  101  108   35 -109   78   26  -70  -40   88   46  -76   29   28  -77  -60  -48
 -112   25 -121   85  -99   76   45 -121 -126  -39  -28   19  -70 -116  -30   31   -7    5  -77   71   32  109   31  120 -101  -44 -106  -73 -121   90 -121   23
  115   14  108   17   90 -103 -104  -35  115  125  -16   45    9  -46   76    2  -40   -1   73   -8  109  105  112    8   61    6  -64  -60   97   71  -36  -44
   86   72  -27  -80  -30  126 -115   85   -5  125 -126    4   80  -50    7   40  -50   80   32   59  -71 -112   67  -10 -105    3  -69   -8   75 -105  -52  -95
  -33  -78   81  -63   48  -33   22   43   92 -104   47  -84  103   54  -44   53 -121  -12  112   64 -123  -77   55   28  -73  -14   20    2 -119  -32  -93  104
 -110  -12   42  -62  -45   64  -19   48  -39   29  -36   64   83  -79  117  -38  -91  -27   27   42 -104   82   70   79   68   90   81  -51   59  -12   53  -51
  -23   95 -112  -68  -96  125  -20  121 -102  -55  -71  -18  122   46  -56   31   19  -29   74  -85   53 -112   -5  121  -21   76   70   38   65  124  -13   42
  -37 -125  -26  123    1  -45  -12 -101 -100  -83 -119   22  -37   82   53  -18   53  127 -102  107   16 -107  -28   -5  -31   43   33   34  -89   20   76 -126
 -104   51   -2 -103    6  -14   52  -94  -96  -66  -72  123   16  -19  106   69  109    4  -80  125 -103 -107  120  122  -64 -103  -99  103  -83  -23  -23   69
   28  -25  -34   34  -38   19  -60  122  -47  124  -11  -31  106   95   38  -41   99  -41   84   -4  108  -52  119   44  101   20 -109   18   -3  124   88   26
  100   54   60   62   73    1  -72   26  125  -83   -5  -25   13   34  -66  112   -7   18  109  101  -34  -28 -111   67   -8   36   86  -11  -96  -82   15    4
  -28   76   66   46   77   -6   72  -54  -88   68  -78  -75  102  112   37   95 -125 -110  -60   97  118   85  -91  110  121   -5  100   25  -87  115   30 -115
  -65   96  -69   12   91    4  -41    3   72 -119  -72  -82   -7  -35   13  124  112  -47  -34  -26   38 -125   85  -97  126  -71  -72   39   44  -42  -76  -20
   55  112   -8 -110  116  -49 -107  -68   88   77  106   82   42  119  -50 -102   72  -84 -127  110   47  -42   13  -83 -113  -59  -44  -69 -100 -119  -89  -45
   -7  -96  101  109  111   -6   41  -56   71 -109   26  113   10  -24   12   82 -107 -115  -64  -60   99  -51  114  -14 -110   70  -83   46  -49   85    1  -56
  -11  102   53  100   96   94   44  -89  -15   70   25   -5   47   37   77  -60  -78   13 -120   21  -38   -6    7  109   65  -76 -101   16    9  -99  -39   -2
    3   14   99  100  109 -113   11   94  -42   36   90    5   73  -89  -55   -5  -75   81   16 -113   76   23   -4 -115  -52 -104  -99  -43   53  118  -44   56
 -123   55 -100  -14  -58  -88   80 -100  -52  -86  -95   22   82  106   17    7  -68   34 -106    8   57 -109 -107    5   43   50  -37   96  -87  -81 -104   46
  -26   53   32  -84  -35  112   73  -87   27  -22  -65  109   85  -47  116   17  -13   10   25   44  -99  -82   50  -56  -32   13   40 -119  -68  -63  -73  -94
  -10  -41   78  -45   72 -105  124   99 -126   60  -48  -41   13   68  -24    0   78    1   44  -20  -81   94  -76 -113  107  -35   25   39  -98  -48  -55 -108
  -88   24  103  -16  -81  -29   83   49   31   35    8   44  103  -16   44  -75  -15   89  -95  -96  -73   86   48   35   51   73   74  -47   25   20  101  -63
   44  -52  -79  -37  -81    4   13  -49   39   21   -5 -114    6   40   68   -9 -127  -27 -104   56   59  -56   91  110   17  -90   63   42  -70  -92  -20  -26
  112  -99  -63   32  -94  -50  -17  -55  -28  -22   88  -22   18 -100  -31 -109 -127  121  -52  -67   65   39   43   82  -51  107  125 -121   15  105  109 -128
    6   47  -96  -88   -3 -113  114  -31  121  -54  -53 -116  102  -83   31  -25   38  -21  -92  104   19  -48  -70  -32   59   55  104   74  -96  -43  -54  -89
    4  106   79    2   -7  -63  -29  115 -117  -81   -1  -15   92   30  -39 -126   10  125  -22   29   77  -91   -3 -120  -36  101  -45  125   59  -99   36   63
    8  115   65    1   53   37  116  -64  -44  115  -78   48 -110 -117  -78 -100    8  -99  -71   86   66  -74  -34   30   28  -79 -101   87   79  -65 -106   87
   51  -40   88  104   -3  -51   40  -47   64  -38    1  -46  101  -77  110  110   80   39  -60 -110  -34  -94  -79   -6   84   76   81  -93   12  -25   -6   63
  -65   82  -89  -68   31  -49 -115   96  -86 -114   50   15   66  -95  125 -110  -56   65   37  -90  -28  -42  -96   56   34  -15  -37   46  -39  -43  109 -104
   39   20   85   71  -28  -30  -89 -114  113  -39  -99  -77  122   27   69   67   92  106  -23   64   64 -118  120   99  123   83 -111   84   40   -1  -19   80
   19   66 -105   -9   36   62 -123 -107   23   35   72 -110   62 -114  -43 -102   -8  -66  -37   57   72   83 -100  -60  -89   45   24  -49   44    5   31   64
   71  -74   55  108  -12  -67    1   12  -32   74  -98   30  -40  115  -72  -48   49 -109    9  122  -25  -91   62 -114  -45   86   93   -1   92  125   63  -93
   51  119   15   40   52   17   52   20   91  -46   50   51   69  -22    3  118  126   13  -16  101  -78   46  -13 -123 -123   80 -123  -31  -51  -60 -124    1
