-2908 -33367 -15096 -3440 61673 -15074 -17035 42711 51920 32394 -245 44855 7816 -6343 -4364 59678 -26410 -60931 -15322 -5212 -5698 18907 7709 28915 -28804 32250 -1629 -5957 -18200 -66383 40503 78121 20564 37720 -57613 -62147 -46286 -23853 33263 70991 28964 65968 -55524 24928 24145 75315 -121157 21295 -34754 -29600 -74461 12222 109043 36521 15809 60001 9674 -78258 -14289 -20330 -15655 10343 73985 -11717 
53640 29856 -39815 -8812 -20856 -44196 -79516 -29640 49350 76443 51316 -25062 20836 -53523 84332 -33839 -96530 -90453 -123360 -93495 -42981 39028 -81969 -14170 -50085 -43566 -9285 -3338 90193 -5705 52405 40698 -18251 22841 -66382 -99272 -23597 8220 -46901 -29429 -47580 69754 -32323 -5235 3665 -51562 -7581 46976 -79994 -5818 4373 12076 26007 94590 -53912 -22454 -28207 -73157 -11893 12633 16554 28701 23186 72979 
59441 -189 -3448 8593 -32470 31715 -5667 35018 -16160 21500 -68833 4183 11153 -50326 17286 -89013 34117 36801 -54156 22325 -21604 -68114 26711 53455 20047 -2273 -29406 -18257 -55483 -30759 46858 11117 -17411 6992 -20512 111514 9648 8721 43693 -17968 -25394 -36153 98605 70295 70478 -44792 28063 -52823 12501 24160 73212 -101 -26548 -73249 9846 105360 -3641 -68800 -25222 3581 71777 38678 17844 -8501 
5630 -44611 -276 58005 -29244 20306 -86530 18490 -37325 44561 55895 86801 9695 -335 112717 -31731 63032 -57035 6658 24936 -47111 6240 78435 4695 87952 13246 -71796 -21463 -48973 103558 -21961 -18900 14634 -2676 52224 5393 -22372 -11186 12496 -3365 149985 -12987 27665 -12558 -37227 -45369 -37826 -32710 13251 62489 38224 59368 -12173 -60198 85201 72678 49945 -88885 15762 -20654 10275 -16068 90440 -29978 
-67814 19508 16320 -41383 -58334 116981 17343 -10650 21679 14481 50012 -31950 79703 -27325 16618 59254 -2349 29108 -13655 31190 224 -28408 -63271 -4468 29446 -64989 -982 -48177 -19183 -45140 -15679 8763 11561 41768 -75124 15258 -17719 5172 9320 12803 -43690 -62265 -69636 -74274 39558 52105 73265 47087 -52284 -55556 11117 33859 41344 -31796 9795 12258 -105188 769 60919 -605 11728 6518 -15352 15261 
-27617 47792 39391 876 -7697 -35908 43003 -36214 13991 16415 8915 32627 51810 -17334 43587 73462 28058 91357 -14594 -1054 10185 -36714 -48036 26038 -19371 -37924 29986 48318 23792 -49328 104692 -6647 -61508 -2440 9579 -19672 -18285 -31964 -73445 88379 -86136 24836 -91175 -87154 -29022 -45444 26337 33934 -4690 -36847 69850 75597 49929 38807 -21434 6938 -26606 -9366 17494 -2122 -1234 -5664 -19917 42519 
11586 32567 10774 18617 -10362 -36025 6356 -42943 -10751 -14779 -5576 -48074 69378 -27442 -8753 66580 47512 45311 1224 -13365 36884 -125383 -1754 75422 39049 -60198 -17349 -24926 23707 -27582 -4509 -69297 -47689 9118 32383 -2739 45543 15243 100864 5094 23924 -45742 -11992 -13860 30821 44594 67126 -44310 -16378 -2006 26337 -19438 22725 -67426 24537 -12677 -26349 13842 -76474 -2952 -43275 5969 10490 14277 
-24970 -25654 164 31897 -3812 28495 12644 29074 -22178 59406 23711 -14525 71283 -76803 3238 -17319 41270 25430 -17981 -7808 71548 -83 49359 -10188 -47803 21926 6358 -22350 -2315 -95874 9692 50267 -7607 93858 -5504 52273 39031 -2377 -26682 42792 64250 25785 32463 -23734 -4355 27990 29823 19822 9746 23612 17786 27789 59819 56062 -2960 12430 -803 -30080 -41695 -69095 3695 49804 25798 -6342 
-46938 -6547 56605 -19395 43362 -62493 -7343 36639 45157 8568 81011 -39652 20045 -27163 -37209 27125 -4163 -56147 9261 58997 15124 -81051 5780 -97816 27545 23607 56715 35711 20039 -45539 34535 36387 -27862 -41563 43261 -62515 29538 52565 8948 -3406 25455 -33402 -19814 40433 16958 -1554 8214 -51309 -12386 -43558 -8940 15623 79544 7866 73096 49169 -25578 628 17427 -12123 110997 45918 43742 -10607 
300 -24204 54524 -51704 17189 -35868 27460 -36162 -54005 -42226 -5485 -20710 -47260 -48720 47334 -4925 -11869 -32643 21263 17024 -52537 43116 -86006 -101504 -112550 -34052 15352 -19211 -12861 -29598 -50381 -3518 51529 51359 -55635 -52698 -25853 13716 36232 45526 -16251 -30240 -59824 -33524 -18592 53032 -32474 -6813 72236 -5330 15696 -19864 49514 6841 -28700 19288 11232 -12253 32951 -3075 29167 -48755 68511 15117 
-6991 -55362 12459 -34014 -69390 -9482 -2578 36863 61214 36364 -28646 -33203 -35571 -25316 -76179 -2327 -6646 13452 -8523 41934 -9018 25358 9650 -39359 -52643 52903 -46820 -15061 65362 1927 59771 -50343 53495 -34917 3243 -46483 9434 42337 -20190 -21121 -28666 44284 38369 6558 -82230 -15424 67230 -26594 -56267 -16578 26766 67152 40632 56147 -12165 1087 23297 -32183 -6361 -98415 -21793 -125188 -21140 54554 
47111 -24634 92601 90126 -90167 -31611 -69183 -31281 -40953 -41265 -13478 35911 67303 -8192 100607 -8290 -47232 -27371 -14418 -61853 -10597 10044 -56492 27358 206 -13799 25794 28809 33751 4376 -1521 -21517 -13988 8962 28048 -26165 -3268 -88463 -33521 -43314 18225 -13181 70072 36223 20067 -63980 -35111 -33910 51346 -52302 51769 63357 83638 -35613 -1378 53802 -83830 -48684 -5417 -19728 15885 -11713 72691 -26747 
-45302 30038 -40186 -72684 31704 -21778 -26061 -23061 44058 -56105 66897 -47862 16779 44143 -20667 -12630 -12708 15154 1506 2783 -25181 -39896 -38026 -92726 92676 -19959 50145 -11315 30993 49666 58307 26 -19011 -46280 -9044 9417 -14281 -18174 -55229 -100468 -81389 -41940 22581 -12742 -5237 -76153 101951 19646 71423 3719 14791 13304 -60981 1318 18198 -25749 27582 -11902 40577 -15670 20491 29437 50366 -46247 
-63491 11791 -8622 10155 22017 38561 -40881 -1293 48567 112353 22690 70364 -67262 -32854 -24635 -45308 -48889 -14798 -54767 4867 35647 -62994 12642 54821 -52060 78693 -11946 -5194 -46647 18402 28635 81356 -39360 31880 -60591 -735 -9857 17653 -24563 -1862 17722 -6252 69449 -65160 -4761 -29162 -71164 23899 -73242 20716 39963 21814 -19613 -29616 -9707 26013 24109 -61392 -63764 5065 27997 -9186 5580 -21438 
-4534 -52872 47537 51994 35695 6592 -75832 -66997 -1147 -26799 48480 37438 9864 -39904 24939 -68250 -74289 -36211 -19033 -88438 20177 34160 -50554 -2039 1553 45616 3172 -18412 4076 10405 -41624 1217 -21343 29307 -51466 -77310 -43558 -49521 -60733 -33669 92369 -66189 -79959 -64929 17850 54466 -72599 18009 -31661 -8380 47107 -2659 -26804 -11743 -10829 4692 -14420 49845 29592 -20600 -21996 3961 45302 30896 
17039 -39975 29286 -3565 36409 10574 72806 31580 -58530 -49317 -22173 -69595 69007 -98601 45373 -10455 17564 34021 -78766 -17578 -68430 59041 -14160 -26100 -32544 -80727 -54168 -55900 49753 -17777 -6839 51757 21635 25322 -23790 22489 18379 2400 -31279 -45277 -64345 -42720 -46339 7611 -34110 -8386 93103 -27277 89220 2682 -13167 -23530 -19300 18762 17513 479 -17731 21278 14586 26024 -39766 -46444 -11968 84787 
70036 -1907 -48966 11502 30847 -13858 61445 833 -34908 2828 -91214 -13867 25605 4100 -30156 19589 -45017 24287 -62803 -104947 -15854 9819 -28711 47298 -34371 22635 119564 -20904 -24075 17241 -16415 56895 -17549 54480 39331 5820 45947 -11553 -8238 -4523 -30054 18700 36694 -50654 55603 -19836 -41679 -51313 -701 -66585 -40721 10502 20204 -10996 10129 -15577 -23072 42141 -12817 -39930 -92294 63340 -30081 -5150 
-16716 -7349 39110 25036 -7960 -17462 39928 -51752 25941 -77072 35653 -28156 33312 27580 71659 -30325 64234 -27490 28298 -12360 -11213 -40725 4737 -10 45761 -55016 -7484 -41125 37042 77460 26017 -122976 764 -70440 66052 10977 -19530 49445 103294 -75794 -66101 29369 -105875 41019 -14982 24289 -6597 -41452 17304 -3683 -3655 -31602 -12518 1663 18808 7226 48420 2683 -12075 98075 20229 -16397 -35324 28957 
-13515 19617 -45979 45611 -29640 -52793 63512 17423 -11785 -3494 26940 57094 -42372 60266 46372 5374 72774 -8001 -4786 55888 -23022 51156 48669 -29607 32664 26871 -19092 -48882 46839 -5349 -61725 44604 -27186 -16073 -22639 -63827 -106406 2176 48984 47967 28768 100735 17796 36201 18878 -21397 -63971 12555 -47149 79915 -31632 -118672 24888 -25567 -21660 52240 -43611 -72735 11860 -10704 -124921 3434 43705 2207 
39366 65947 -70656 41911 45988 -6926 -38570 2206 12766 10955 -15125 131562 14790 -23479 -28080 18033 -74689 19510 -14127 -8051 -96379 -19333 40731 28768 47880 -13634 52568 60138 -30889 69876 35554 32113 -30215 19603 53192 5686 -2050 -54961 -18453 45151 40952 -39837 48056 1240 45688 -52539 -23337 5708 -9839 25437 -7853 -8068 15642 -27499 34662 56107 8793 -9837 96467 25079 36156 60246 31380 -40633 
18172 -27767 -13716 -52115 -2745 35395 38419 6126 19789 -35192 3947 57165 -34544 -24430 -29144 -30005 54912 927 -23043 45287 2162 1579 24562 -70519 -11735 15536 -5633 56058 57881 -3646 77174 -20959 394 -14670 -37594 -24182 22640 -43832 38553 45263 -10893 -14700 -18409 32903 -36737 -15112 -11884 -27193 -44521 3308 27863 67493 -7727 32904 -6942 30699 34125 -21945 28975 -4576 13014 -19716 -43698 -44639 
-10407 -84470 64508 -2525 -50613 146704 5047 -1336 -13404 -17662 -33078 -57240 -19689 -68377 38006 -28226 -38523 82922 -38805 -45828 -4833 12340 -91065 25323 -65993 -101810 -42583 -57455 45606 -57014 -42861 -23938 -22970 60986 -88555 37967 23884 7692 76180 -11974 -12562 -63707 -258 16273 -55609 -9223 44294 -57224 27266 -1541 4049 -3005 27586 4031 19162 35034 41104 44747 29206 136817 -81422 -48430 -45666 32103 
-6044 -65267 49342 -67012 -6024 -28738 -13907 32221 -48942 21820 35326 99450 -19315 8193 -31486 -15367 -16906 -2713 5416 39209 -63388 -13187 -51512 -14911 18574 -140711 -13525 70434 69417 17556 -19670 -74535 -40391 -64886 -28426 -48183 -61032 85603 -21250 -67400 -9601 7281 70298 15568 -49322 -56370 44441 33599 -43788 5947 27840 -972 -16899 21202 60215 -14269 7066 -65078 10144 142181 -36408 -55642 -16267 -11603 
-7674 -10717 47309 -45722 -100821 31052 6936 -17580 -996 -5725 -65907 26699 -4075 -5342 -13445 13485 3670 36730 -23521 -10233 -539 -47017 557 68913 -62403 25840 -4565 3171 -37879 -34717 43844 70224 -18899 17971 -31621 54748 4745 -69575 -24884 37742 -106906 40819 -58781 -40868 -34762 -7308 786 4160 -23278 -35154 21975 19582 -47732 -6513 10037 24561 13537 -58859 -2679 103680 -61845 36616 -100355 -30103 
-71209 -32650 76655 -10777 -48375 -59987 -26080 50946 -3536 -29909 4216 -34718 -51405 54545 33504 -33483 -50102 -48954 29323 24493 76086 24498 1902 48195 -43735 17918 13284 -27849 55168 -113009 5979 31820 -18772 -42569 34560 -52935 42123 30659 -39262 -1131 113780 62788 -32338 -3990 -34554 168 2089 18651 20968 -36363 -1771 -563 60002 56675 44352 4067 31228 -46052 -32112 -25730 -98978 -1756 -10028 610 
-9003 55442 13617 27504 -64441 -38224 -36985 14490 30803 -6946 3696 -47681 -20262 21389 43823 -50457 -12788 -49276 -17019 -8262 -20973 -31003 -48176 -1301 27595 46462 -36628 53930 -8094 73169 48146 93385 -76921 -54125 -45091 -45230 -76237 11136 -46781 -1194 -61158 37888 70090 45304 -5004 -105694 2309 27750 -55112 8044 65179 -44340 -43170 24060 -25447 -43942 -12439 -39297 35825 -6399 -20756 -27300 24913 -24875 
-49449 22052 24982 -4682 -48105 -23992 76597 -83248 -1378 -17751 21800 114291 23101 -68305 -45667 38236 -3989 36414 63348 13286 -6146 13343 78720 -24646 44807 64138 65002 -13149 36610 -22738 26917 -108211 121348 -6615 6573 -78318 3847 -14780 -52888 -19363 -47054 -20524 -33127 -22353 86345 51906 16892 11247 -28483 29200 30800 55906 -5540 21158 -4595 75924 -28879 34737 32730 56547 20724 -8790 15666 -18416 
14686 31116 -13444 45643 -134837 22068 89619 -2252 14227 23477 22260 102761 31405 22318 47957 -24257 74670 30272 7964 18801 -4419 -11479 37853 5041 40135 52700 -67542 3809 -19516 3516 -11524 -13567 26722 -14404 52350 45100 8503 1051 3335 7625 -15049 -6324 89965 27959 21651 -86331 8089 -51467 -81361 2409 61235 51685 -39164 -25758 27550 41921 -41703 -30995 8102 -41984 -36391 -1066 -11923 6525 
-52887 -36491 17522 -64027 -3169 -31242 144016 4649 5950 -68326 -39595 -38814 25270 -27593 -77430 -6055 46105 50998 1158 22350 80018 -63711 -28885 -59160 -32508 -75479 639 -69709 -53412 2133 73160 -4736 15032 -47783 -57114 19724 13222 74434 51842 -7903 -27555 39860 -41501 -6742 -36802 -7288 14103 -64092 42160 20529 52117 -6564 2742 -34480 -36180 44995 1447 -28944 2052 -15068 -23002 -37911 -36857 -1787 
41268 37253 -41855 59197 55834 -10422 6063 12901 34542 -42516 -94613 31528 -989 -16224 -116206 -18231 -2776 61228 36020 46215 -59846 -16454 26053 -79031 1329 -68946 -99318 31052 51038 60001 -14511 20346 -24463 -60416 -13135 -42051 -2781 8286 5086 98758 -3497 1238 -40056 -1373 -64772 15475 -30633 22401 19069 -67093 -38975 -71014 1518 -7158 -9482 -46554 48081 6473 35963 22230 -47535 1821 -36159 -34447 
-26799 32024 84949 3404 -41620 27337 28694 -60655 -67364 -11071 -52206 55370 69661 -84710 104181 -49384 37374 67895 -42074 -93882 -40937 -4761 11936 88170 -28341 -61264 63072 7881 -61234 -61735 22187 10528 29959 100127 -22033 29130 -49947 -77405 -299 21097 58932 -39170 23018 38091 118082 -69157 -62353 -28429 34047 -48763 30432 87727 31350 -6723 -42675 121517 -24536 7388 11730 -39758 -21110 67993 56910 -9148 
72341 -14239 -58327 -17594 43426 -67879 113516 -7267 -84719 -39397 -32854 80048 30894 42966 66459 66322 36430 36353 57395 34824 -24855 40974 -16560 -53010 13851 24737 10842 68419 -86131 72421 -30049 -38173 2483 11641 48241 55086 -12997 -44248 75619 20659 -38091 54132 53826 37739 -3476 8340 -45681 6940 77097 64069 -68264 -62615 -16192 -29042 7848 40016 25 -32115 -73765 69775 57069 14865 11240 -43152 
-11092 -21702 23375 -54686 -69083 -23493 1507 21289 11041 17068 -26428 -91205 65700 -7271 59173 -21204 -58259 48623 24344 -68182 -51774 -39372 -71155 10276 40877 -60882 66205 23751 2112 -21758 7965 -20276 -14482 31373 63552 57719 -24740 19175 -51365 -66985 -31678 2869 -70419 33459 49757 -45447 115587 72486 80708 20677 -34127 29634 20960 51974 24130 6105 68158 -72448 23657 81770 16093 52011 19134 -39586 
9307 15581 26575 -1149 58899 -104684 -36737 -46435 116091 5573 8224 13213 -622 -18848 -73421 -82060 51209 -46169 -8582 -10054 42507 -32989 -33259 -75776 51737 80935 64070 -49849 41055 7854 26109 54905 -68531 -82367 -13650 -39954 16249 103534 -70417 -37246 -16035 38103 -50568 -74330 -67611 -36421 16324 13295 -66527 -10303 108690 19830 -56151 22473 -21510 -68528 -16633 14607 37102 -24915 -31806 51789 -2137 -28406 
65559 6066 1962 8474 5973 -14858 -84848 -14206 -36218 7519 -38037 14509 -45339 57255 -11690 -19585 -69260 -9587 7037 -5695 -22763 -13944 -16465 45191 -77446 22920 -10396 25829 33810 31634 57852 -28104 -41547 -16054 67283 -9040 19395 58548 55628 12659 27359 23161 -19533 -5827 -55133 -6348 -7221 -25656 -7896 36770 5413 -36942 1505 -42613 2480 -58124 -2453 -48129 -30930 64595 54623 -30378 -56287 -59324 
48381 -33077 8914 -94228 22126 -7368 5149 -13710 -9113 -89274 -22474 -20541 -60172 6383 43241 7986 -21047 -18920 -40555 4936 60385 4912 -76490 -44063 3648 1949 56475 -208 15515 -5221 3081 -15076 -51554 -63699 -58204 -27025 10716 -21489 58954 -20292 -66917 17358 45315 58893 -31634 -14678 -33048 -49472 -72793 10948 -32440 -97216 3018 57224 -13944 28088 7106 19058 21669 16617 38173 41215 3155 40394 
-54022 54107 15632 18877 -20395 -35438 22598 38413 32325 40311 31479 -25234 -29734 -67252 46072 -25406 46410 -128496 -26916 28583 -10158 -29829 27160 61356 -57464 -26737 -28112 -9226 -697 -76602 -17944 72762 -22833 -37854 1813 -5732 32030 18663 82550 -6174 3001 -1586 17323 78228 33490 -31393 -40289 -2978 13176 -40842 16093 49394 -30456 -61398 4897 64931 13364 -51698 -78918 -8080 15863 -10993 6485 102500 
48204 998 -76754 -23880 -23982 11672 -54931 -21014 -39147 43018 -33437 -5711 -63381 3562 -7385 60138 63873 -15836 -4545 -78626 -66223 -36006 -35489 -16900 -7599 -52819 24118 -25475 -44589 70129 -16279 -3489 -52409 13436 30418 62787 -60963 -37528 58903 69637 -16086 -52586 -18270 36336 -12572 -18564 -30490 14622 2566 5066 -33102 -64934 -48969 -69302 10301 28286 22594 -25521 34605 91219 -29607 29215 40938 47581 
-48452 -2420 109122 -99205 -38955 -6566 -363 -21196 -38175 -35632 16924 -104433 29584 -66270 77271 37736 -2586 30181 -1954 -57985 15524 45871 -18640 -18123 -26999 -33264 -12843 -87142 -52390 -51879 10591 694 15447 -42852 91685 48606 47600 -100199 -49297 -30389 -65647 -7904 -71151 -9699 -9452 19130 -9442 2745 57274 -20927 19372 -14361 -24413 57886 15240 17655 11851 51926 49859 -10530 -75947 -21202 10049 45972 
-18020 -30939 40387 -5184 -7141 -19637 22155 -12335 37365 21718 75760 -31350 87361 -17096 116856 -39516 68583 -53534 -25546 -15603 38471 56515 -23856 -72337 22539 -54472 -48817 50497 30610 -36850 14244 -44131 -45680 -70978 44678 -29886 44202 34788 18145 -35067 -528 58340 -47864 65646 -20082 -58385 42789 6977 7836 44658 49635 46702 -43896 62559 -13445 4975 -10081 -20864 -10188 -26026 -2056 4225 9691 68418 
-6852 -57268 -17983 -37867 53661 4872 69064 88092 -31918 -1214 55015 32053 -4213 10479 51921 40933 -78455 -18108 5217 -3814 41591 -4119 69762 67126 17660 -5158 31344 21048 -70677 2251 17635 -34315 96874 -26709 42162 27355 88594 10137 56193 -51413 45069 16653 -18336 75846 15691 3967 -95323 -53062 -3913 57293 -50746 1488 110059 58229 80912 58390 -28515 -3392 -8928 -47816 107305 -31834 37014 -54673 
-8980 -79098 79907 -59345 -16372 -70385 55227 59881 6064 -82238 18637 -6310 66604 -17008 29680 19723 16084 82601 -14771 35031 21755 496 -71134 -83568 34337 -52100 -3640 7169 58619 -75855 100317 -58366 -10057 -11168 -53927 -15848 4377 -20573 -56510 -55956 -63370 -23421 -104723 32847 -12095 -2437 71823 -13617 35201 43308 43593 45001 26088 21147 17867 13796 -43056 -36757 22749 -45011 1650 -75702 32136 -84381 
56985 -254 53935 -66664 48695 -86934 -64864 10823 48717 -99002 1836 1604 -33197 63551 -113780 -8389 -10013 23290 58535 82917 46764 -8579 -37632 -87371 89582 69345 -22247 59394 16321 -49 7705 62128 -8770 -87471 -15888 -82476 -23750 -20005 -92488 -16163 -40608 -33427 -91894 -58654 3447 37649 2470 37900 -55040 47788 84252 6790 -81495 4553 20751 -88840 9231 -2450 51257 -26406 -71961 -44265 -52342 -88709 
-82599 -22288 6756 29598 -54489 15118 1909 -11238 26373 -13292 11889 -31978 -19384 62417 -18504 8829 -56583 -49589 602 10292 12926 1434 -23661 3980 32803 -6496 21521 -11300 16446 59713 7909 3547 -2689 -8034 40851 -22583 -15780 -35313 1039 -49986 -39588 40384 24154 -23342 36745 6361 -23745 66823 67526 -23052 3628 51297 -2024 -63995 -40623 9668 -22505 -17839 29472 12835 -22913 -20790 -1609 -39686 
18863 -20990 -10080 -39394 -101721 -50631 2788 -42514 -26041 -59073 -35520 -35778 53536 29576 32719 63172 36160 -30182 117135 -5716 49833 171 -38204 -75161 -29790 40561 28485 9432 -45871 20594 -1117 -57143 -29975 521 45239 58 -32590 32261 36239 7808 -30535 5226 -68852 463 19680 14675 39994 17990 -50968 47915 -10922 1644 -85146 -20732 -32221 18640 77165 4927 -60083 35301 36718 10422 -44455 -3350 
16121 13936 -47203 -12644 12166 -5411 22911 -10393 14085 -34621 -54622 -65710 -1317 56659 -37678 -6484 -34513 11594 69829 -29356 20137 -16313 -82353 -9992 -31329 -12997 19849 -53708 34514 21902 -84725 -15891 51126 50473 -13386 -62070 54532 26162 51209 -12357 -23944 -33457 59804 8015 72061 14561 -24427 511 -11777 -54822 -48125 -14989 6261 18258 61066 -8349 -13894 115484 26813 -13692 -42178 -30505 -15379 7667 
54105 11839 47333 -2259 2182 -8185 -2283 11937 30084 27561 10336 29782 42194 -69933 -10054 -30252 13848 58124 37796 70671 11932 -29940 123529 -421 -24244 29533 -74128 9257 -48271 -11820 26028 -24799 45268 -11566 59860 24158 111487 16070 29376 -39068 -49051 8139 18110 2236 -48573 52367 31447 -45190 12150 34549 5575 -55569 -48014 55955 -113 -18142 18194 13268 -94097 57478 83793 30406 -29004 -635 
6612 -22131 103258 -91437 1255 -36447 -33866 -4456 -25108 34963 63397 36530 -25931 11276 2419 362 -39002 -50582 -65948 -29779 10920 -42471 -13912 4455 25044 20430 83413 11200 37291 -23341 20797 -20943 -40427 35857 8192 -13766 6405 59589 -25389 -110027 -19659 -13849 64524 -19468 66201 -20288 -46545 34627 -25200 14664 38559 23014 -9376 28611 -6494 -2222 -12498 19979 -13816 23270 16367 22615 23065 -85833 
-20616 58568 25219 -3062 -13596 -44107 51233 15438 9085 -6728 11363 -68639 -29492 108083 24615 2370 35627 -2439 35890 54703 -60170 -55875 -31119 4995 -12061 38352 -17044 103395 46458 -47246 -32337 27932 -43452 -29945 90014 27283 -26340 -15101 56529 82755 -54329 89200 -3060 41504 -40244 -11839 42437 73619 94226 -6992 16195 -10428 70484 19329 31631 -11218 -19100 3714 11723 56724 -46441 -26748 -63878 31695 
-106589 37577 47980 -34746 23255 -54374 62390 -42171 -60391 7039 -37898 4944 42816 -38662 -70483 60078 -10559 70940 35896 -10689 47288 23611 -24036 53398 -69788 -28343 35108 19993 -52739 -36263 24684 48740 9376 52068 75797 -11167 27483 1779 -14534 89347 -35743 -15089 -3669 -13382 73565 22694 -5915 36589 119883 47223 68132 69318 -10216 -25272 -30725 92715 15896 38991 -28803 -14977 1666 25881 -14681 30709 
-5744 -66248 48511 -1258 -23533 69763 -4916 39978 -37245 22532 14039 129899 35962 61792 41559 -28894 70778 11060 -16144 44602 -94924 51509 14637 -25880 10887 8 3163 34456 29176 -12308 -24347 -17005 44867 28454 -61299 22128 -100933 10312 -95786 -20195 -45777 -10544 -59928 770 26411 3198 8955 100301 -5869 21204 -39009 15181 -36273 -392 72686 43470 -20022 13404 57145 66461 13460 -76001 -17262 -15990 
-40760 -28697 40868 -64929 -39546 7949 -56400 85280 65510 12802 18936 -116166 -45089 17227 -16162 -42049 -65468 -75330 -7132 -6832 17006 -36266 -2278 -44163 -43066 -53058 -8571 -37207 -12169 -8988 3433 39582 -45760 -71115 37775 14166 53212 38177 105287 -50594 2387 -7773 648 111200 -67832 4508 -16258 25715 85243 83365 -28225 -102869 16896 -21100 -16043 96146 7424 -13172 10420 36674 60536 -30854 18846 32708 
65022 -45697 -27532 -62577 57734 -18560 21370 -8048 -31762 -46874 -61119 3800 -32750 -44323 26421 -39383 71110 -41950 37459 57306 -97542 42230 44978 -91590 55036 66698 12083 -721 -104547 83559 -23970 44477 80886 39472 17656 51476 -66371 -43594 51027 -81890 -78666 12464 41933 17860 41351 31240 10937 4970 13648 12591 476 -14223 -82666 -2905 -11695 15584 28024 -41016 40814 -17614 14402 66064 24470 -6940 
-12949 -47835 54411 -50493 36512 -78282 38047 -18443 -25954 -7713 -50091 55187 -25029 -55394 24180 40626 6062 18556 -18702 26378 13244 -45563 12015 14681 -51970 16167 21771 -27810 4035 -30814 40082 7173 27907 -53595 44890 1617 -9545 65001 6702 38957 -89285 -20084 -76196 28662 -61090 55042 -52713 23590 -4383 101531 -38469 -139925 8695 44818 -68470 17263 100386 21975 -6823 110433 35780 -26181 2236 2662 
-6443 41587 -29650 -63102 28116 49819 40780 52123 46679 21089 -561 18819 -78615 57207 -22027 49892 -50766 39032 5808 38944 -76624 41685 8692 16328 -15808 -33798 -78063 68580 -47674 13051 67577 -24554 3641 43617 69019 35826 59960 21604 45819 31779 -46620 -41756 19402 7464 12875 23088 78952 12769 43703 27439 -6126 20889 -66616 28084 19737 -31108 926 4830 62530 -21820 -12821 -12296 -10016 2584 
-89249 -39032 9154 24485 -42895 -13012 63603 65431 -4799 -25714 47424 27315 -5018 -19981 -29217 -33610 2136 -28882 -3700 71499 -8831 20490 54478 -69848 -5502 10104 10603 -3948 12856 -20374 6205 58554 47200 44971 -58954 -71805 -27640 -1036 -50256 12769 3486 37610 -19786 33500 51307 -13850 -36533 18947 -30141 13119 19541 19678 14430 11259 18123 99195 -49510 11889 106940 -74467 58427 -33043 18826 -25052 
-27244 16740 20965 -15730 31271 50951 48348 -57925 27024 40502 -40580 14396 5903 -22500 -39386 -32107 -16779 28714 -60327 34831 -5375 -100434 -24755 -16665 -59193 -3957 24918 111587 -24766 -47696 18006 28967 -18341 -22652 23110 18701 -3845 -8878 10241 76972 -28693 -8566 14270 -58004 -31272 11768 29757 64281 14977 -99722 -23112 -33043 20782 -23741 -72046 -29132 319 -36172 3611 67264 17941 31684 2741 3810 
-60178 -39070 43066 -17457 42934 -22934 11267 971 -50424 -38813 60910 -9894 72815 -53209 -41122 68188 16437 47527 27416 17988 35165 21376 99729 -14921 33478 72146 26751 46017 -21434 3789 1349 -51276 9447 -29801 57220 -17841 19107 23373 -42154 -89009 -6855 68138 -124203 -65770 45667 26571 46236 9101 -45664 13538 36198 57138 105 6248 105136 702 286 12686 -20873 3363 -10506 -72311 -17846 -47875 
-53273 -14848 56870 -17825 60577 -16945 33239 11859 -53778 19419 13464 -12623 -54795 -59126 -6218 -20895 34 45462 -30991 -40189 64309 -49625 12547 78108 -44746 -55851 -5898 487 -33305 -23702 6105 -4566 -32099 75493 15735 45268 -25345 4609 15633 23794 81036 -73176 18523 37861 5391 -5018 -63397 -29335 107990 67497 89486 -6423 34132 6433 -90724 70027 6475 43323 -18968 25153 6759 9966 -4508 -23559 
22400 53165 -82643 43380 -50250 -21173 -74198 -14256 13021 -75093 67512 14263 61710 122428 20915 45468 -13020 -2903 64095 37615 1974 -46658 296 -48464 41815 -44053 182 -13801 -84669 25913 -12840 -3001 -42337 -25040 51324 33509 79285 -75766 60226 9383 -19149 -11165 4407 -23428 31853 9491 31360 -45213 45908 16493 -32450 -28725 -69006 -113331 78750 14269 14414 21113 3543 45108 8839 71019 -7065 -24181 
-12154 39846 -112102 -6912 110784 -47030 3530 -37352 21720 -34643 51101 -42918 -8027 -29335 -68478 -43534 -12378 -49537 4109 -93724 5019 19316 6417 -8025 -7941 -23698 -34756 -36581 100352 2673 -49840 7090 -6172 -56576 -16148 -69146 35202 1872 -56584 -34345 45713 15343 -72084 36761 -29543 7905 -25812 12314 -31227 -51054 -77896 -45784 -39486 102955 34105 -90826 21785 67602 -11659 15161 31566 -5916 -52482 35532 
14101 -17232 12864 53129 -7747 35407 4593 2477 -100958 -22503 31388 53155 34587 10025 -16568 36676 20704 29061 20417 34704 -29697 64310 -50580 -68785 -15860 22048 -46497 62921 -46700 -9225 -89699 54027 -42748 82972 11624 85338 -49568 -38156 -44461 70739 -19645 -42000 1522 -9065 8848 27173 2954 48754 55153 55948 56427 -17710 -18554 -54035 43150 14595 -40299 47457 46806 29183 37844 -58773 -16249 -11248 
33298 26535 21984 15898 -36956 -49547 42834 56363 47763 -41248 -51283 6119 14543 29954 -42347 -21803 15933 58254 24808 36433 13077 -37102 -13513 45931 49407 34001 -14450 5365 -42353 -34046 -3046 24231 41098 -25563 -114662 36464 -59996 38484 -34358 -14179 -97021 26193 3329 41464 59818 5754 25507 21945 -5132 47042 68843 16828 -3976 -14250 22682 43706 -72085 -70112 -23665 -31994 6324 -38108 8045 -4284 
-33005 18818 -63245 74411 -42600 -9346 -55248 -14760 74191 30788 18370 -73560 -15723 -51284 -60917 6713 -72009 -52676 -36827 -81314 3131 31592 -18360 19284 18888 -1820 -27182 -108411 30356 126251 -15550 -17339 412 3029 -41792 -65304 8127 21317 -20596 -87686 38497 -1979 35805 -10547 33061 -35472 -13266 -51426 -26467 -11139 -4261 4420 -34553 -81633 -48789 22677 11841 50975 -47238 -6815 -3380 -27380 17816 -24405 
