  115 -101  -46    1  -14  108   72   77   -8  103   40  115    0   20   34   72  101   37   54  125   94   53 -117  -45  114  -82   50  123 -100 -108  -61   15   47 -107   17   34    2   89  111   -6  -64 -105  110  -64  -85 -112    8   16  -75   62 -115   20  115   24  -25  -26  -57   25   97   99  -82   36  115  -35
  -70 -124   -1  -68  -35  110  -74  -99    5   36   94  -80  -76  102  -64  106  -91   77  126   24  102  101   -2   45  127   96 -112   45 -124    3   10   62 -121   10   -6  100  120  -79    2  126  -43   96   46 -118  -58  -17  -12  107   60  114 -124  -94  -41 -126  -49   86  -30   96 -125  103   99 -114  -91  -21
 -104  -96   79   16   81   81 -114   38  -79  -67  -80  120  -84  -92  -29  -24   22  103 -117  -18  -22   90   68  -52  -70  -56   51   30   86  -39    9  -18  121   88   -2  -54  -86 -115  -16   91   74  -95  -45  -10   69  -73  -34   92   30  105   74    8  -60 -114  -43  126   86    8 -100  -84  -31  -91 -102   90
   -2 -103   36  -88   38   21    3  112  -74  -41  102   -5 -114   68   87  -84  -82  -95  -75  114   48 -118  -16 -122 -110 -115   51  116   50  -51  -50   48  102  -13  -40 -116    8  -36   -4  -66  -77   98  -71   65  -89   17  -19   85  -78  -94  -57  -30   44  -73  105  -65   68 -100   51  119  105    1  -89  -48
  -12 -128   92   -4   92   89  -70   15  -69  116   80   98 -123   61  -73   55  -32  126   26   12   54 -125  -53  122   31   -2  -15 -120    0 -103   88  -12   25  -75  -15  117   14  -85 -124  -55   31  -44   44  -92   17  -29  -36  -15   98  -10   -2 -104  121  -55   18 -104  -56    4   32  -56  -99  121  -68  -74
   46  -83   43   60   89  -81    5  120 -125   49   29 -108   21   -7 -122  119  -17 -124   15  104   77   33    0   21   37   32  -35  -62 -103 -102  120  -57   71  -93    3  -96   82    9   25  -43   58   54  106   79   47  -16  -58   30  116  -43 -122  -63   -9 -122  -41   28  -90  -76  -33   64   78   87    7 -106
   -5   11   54   77   20   79   35   78 -123 -115  -98  -76  125  100  -46  -15   58   88  -78   49  -34 -119   77 -123   62   44  -59 -116 -124  -52   34  127  -41   89  -52  -21  -88  -17   58   46  124  -40  -30   -7   60  -75  -22  118   13  -99  -89  -20   38  -11  113  100   33   54  -15  -91    2   19   36  -38
  108  -15  -59   21  -32   -1   67   93  -41   37   86   20  -38   65 -118  -24  -34   50  -44    4   39   69  105   72  123   90  -18  125  109   18   87  -38    3   29  -17  -28   28   50   65  -12   87 -105    8   50  -40 -110   26  -74  -60  -18  -69  -21   51   36   52  -82  126   34   43  -21   52 -125  -59   56
  -96  -76   28  -68  -26   93  -80   62  -12  -72  112  -51   75 -118 -125   15  120   62   -5  -85   98   47   89  -32   81 -124  -52 -123    7 -111  -67  -89   70  -39  100   44   54   20  106   43  -51  -38   -8   24  100  123   39  -36  -70   34 -121   28   81  -32   -3  -94  101  -55   40  108   90  -27   20  -96
  -65  120  -51  -11 -116   55   32   89   18   24  113  118 -108 -103   83   78  -69  -38  106   13  -69  103  -81   32   48  -41 -116 -117  -67  -96   43  124   24   -8  113  -91   48 -110   -2   66  -86  112  -72   62    9   11 -116  -60  -26   -9  -47  -95   94 -127  -63 -113   88   77   26   21  -18   69 -111    6
   62    3  -85  110 -107  -86  -80   63   26  104  126   35  116   10  -25   90    1  -71   -5   96   58  -68  -17 -110    9    9  -88   -9   78   57   -2 -116   60  -87   -6  -47   83  -86   17  109   19 -113 -112 -121 -103  120  -31 -101   49  -36   -5  107 -104  -22   -3  -95  -13  -91 -103   65  -33 -105  -50   27
   64  -56  -19 -108  115   -2    1 -122 -115 -110   13   38   10  -18  -63   59  -54  -68  -90   98  -90  -93    3 -103   73 -100  -37   40   51  -87   67  116  113   48    8  -28   46    9  106  -69 -101  119  -30  -91  101  -93  -32   47   96 -122 -111    6   42 -107  -96  115   49  123 -101  101   36  -34  -39 -107
   15  -31  122   61  -22  -28   -7 -122   92  -37   43  -63  126   12  -15  -34 -110 -126  -27  -68   23 -123   47   73    0  -54  -82   36  -87 -121  -71  -72  104   51  -11   82   24  -18  -40  116  -55    4   53   72   16   38   38  -94  -87   11   95  -64 -112 -114    9 -112   89  -73  -76    2   62  110  -70  -90
  -95  -81   -7  -71  -98  -47   45  103  -43   99  -81  -27 -119  -42 -120   50  -31  -25  -13  114  117   -4    2  -50  -76  -73  -48  -14   37 -118 -103  -58   58 -110 -128  -40   99  -83   63   57   16  -17   30 -102  -59  -90  -52  -90 -115  -65   24    3  -68   27  -47  112  -46  -94   98   -9   44   -5  -67  102
 -115   61   62  -15  -21  126   42   -5  109   72 -107   50  -17   98  -40  124   33  -15  127  -35   12   81   77  -34  -13  -80  -43   31  -85 -110 -122   57  -48  -60   42  -69   66   84  -74  -81 -100   76  -31 -117  -82  -70    8  -49  -85 -121  -83  -73  -40   -6 -107  -53  -86  106  -21   86   -4  113 -113  -52
   53  -71 -121  120   13   62   39  -87 -118    9   53   56  -61   61    7  110  -60  -76   37  -99  -81  -70  104   89   36   83  -81   32  -60   62  -19   -6   -9  116  114    4  -78 -103  -82   60  -94  -29  116  101   32  124  -45  -28   48   -8 -127  -33  -78  -22   57  -42   61  -24   -9    2   39  -28   -4   30
   88  110   35   11    7  -47   71  -86  -76  -68   15  -44   56  -29  -72  104  -37   58   72 -114   36 -127  100   97  105   91   99 -112   63   95  -81 -104  -51  -46  -93  -43  -93  -22  127   87  -90 -114   43  -34  113  -29   71   77   29 -113  -37   65   16   63  -93  121 -101    6   10  -38  102  -71  114   51
 -117   21    8   46    0 -121 -123  -90   22  -80 -123 -121 -109  -52  -44  -79   91  -81  -14  107  -17 -107  -28 -118 -100  -18  100    2  -89  -41   53   50  -20   62   96  -20  -59  -27 -109  -37 -107   24   99   41  -28   55  -38   63  -25  -52  -86  -42   98 -114   96   -2  125  -60    0   36 -101   53   87 -120
  115  -73  116   57  -99    7   20   50   31  119   91    3  -81   53   66 -106    2  -20  108  100  123  -52   98   -8 -112   98   28   44 -105  115  -76   11   43   40   68  -56   48   88   -6   79  -48   86   83  127 -117 -107   21 -115 -126 -127  -15   -3   77   83  -11  -35  -75   17    9   77 -123  -67   88  -80
  -26 -100  120   22  -12  114  101  -60  -56  -72   67   84   78   88  -31  -48  -39  -45  -51   38   38  -62    4  -36  -45   13   41   88  -53 -127    8  -79   29 -128  -57   17  -13   44  -42  -69  -27   25   15   51  114  -15    3   75  -60  -48  114  -22 -110  118  -58  101 -125  -17  -66   78  112  -58   -1 -115
   71  -58  -97   58  -13  117  -11  -40 -114    5   11    0  -10   14   76  -70  -34  -66  -92  112   52  107  -43  -73   90 -109    6  -53   90    5   88  -95  -52   -9  -37  -65  108  -48 -105   -5  -43  -94   -5  -53  -80   71 -123 -114    5   42   -2   57 -107  -45  -15  -17  103   -9  -70  -63   -4   19   98  -56
   10   61 -121  119   13   30  114  -29  -64  109  -82  112  -75   52   -2  -70   94   -4  -12  -13  -48  -27  -30   55  -36  -99   -8  -40  -80   90  -95  -70 -105   40   49  -92   71  -93 -121    7   17   54  120  -58  106  118 -128  -56  115  116  -69   67   89  -99  122   53   58  114   14  -22  -52  -81  -91   99
  -41  -42    7   30  122 -113   38 -117  -59  -98   81   47   20  -47   -9 -121   70  -78  -54  -97   79   68  -43 -118  -74  -29  116 -126 -110   25  -27  105  -16  -19 -120  106  124  -82  -11   65   76   70  112   96   23  103  -24   93   25  -78   -3  104   -9  -46  -14  -83  -75  103   48   71 -128   21  -80  112
    2   56  -38  126  -26  -49  -65   50   21   47 -109   45 -106  123 -118  -81   45 -121   24   36   89   10  -46   14  113    2   85  -14   23    6   98   26   62   61 -104   37   12   88   87   34 -121  -22   79   30  101  -39  -51 -109   97  -27  -73  -70  -16 -119  -55   97 -117   30   83  -93   36  -74  -67   99
  -13   85 -120   -1  -83  -33   33   53  -54  112   83   47   74   32  -62  -85    6  122  101  -10    3   46   87 -113   77  -85   50  113   97  -17  -44   84   68   92   83  -14   60  117   39    6  -27  122   53   47 -102   -8  -38  -96  114   64 -106  117  110  -18    4  -69 -103   54   45   -6   37    1   78  106
   94  -95   92 -102   22 -125  -96   -4   -3  -43   43 -105  -51    6   56   63   70  -50  -75  -76  -68  -71  112   85  -16  -99   79   21  -98  -99  127   -4   63  -37 -106   85   94   54   81   91   12  125  -13  -39 -125   43   25  -55   -7  -50  125  -74 -121  -19   11  119 -118   91 -115   41   -8   12   37   55
  -24  -68 -115   70  -14  -34  -94   -2   91 -107  -40  -34  -64  -15  -89  -71  -65   37  111   70   18  123  -66  -99  -42   75  -58  -50   87  -21    6   63  -89 -109 -122 -102  113   40 -104  -51  -67  112  -85  125   97   83   54   32  120  -90  103 -118   33   37   39   -9  112  -19  -59  -57  -39  -53    7 -128
   94 -115   26  -48  -75  -77  -99  114   35   72  -17 -123 -101   37  -91   19  -53   12  -98  -20   49  -59  -29  -95  -77  -87  105 -116  116  112   12  -45   -3   39  -93  -78  -38   64   36   -3 -120   19 -126   36   56   40   55    4   52  -43  -16  102 -101  -44    7   78  125  112  -38  -15  -32  -26  -60  -35
   13  103 -113  -25  -89  -77  -27   48  -58  103   84   -1 -113 -117    3  -60   97  -13   42   -4  -57   49   74   68  -94   36   54 -126   10   -6   96   24   98  -17   -1    9  -93  -28   57  105   76 -115  104  -37   25  107  -97  122   95  -55  118   38   -5  -64  107  -99  -28  -95   31  -18 -101  127    6   -3
  111    6    7   18  -22   64  123   54  -50  -28   18  -25   79  -79   97  -82  123  -41  -43  118 -105   64   19  123  -31   50  105  124  -78  112  122   33  118 -127   51   96  -63  -82 -105 -113 -110  -87  118  -30   90  -41 -112  -43  -82  101   75   69  -91   94  -64 -122 -111   42    3   67 -102  125  100   16
   -2 -105  112  -65   69    7   79  -40  -80  -59  -70   11  -99   74  -32   75  -80   44 -111   85 -118   81  -36   27  123  -33   94   21   92  -62   37   90   89 -106   25  -97  -99  104  119   78   46   49   89  -53  123   57   22   43  101  -89 -127  -16   -7   93   11  116   60  106 -118 -104   44  -81  -14 -122
   69   11   37  -29  116 -100   49  -94  -51 -118  109   72  -61 -125  116   41   43  -11   25   36   82   36 -104 -114 -114   34   38  -69  -46   24   65   23   35  102   -6 -105    2   43   57  -49  -75  -90   23  121   42 -117  -94   85 -128  -69  121  -46  -33   17   96  110   52 -122   41    6  -98  106   29  -62
  -48   24   89  -46   67 -109  -95   -7   57  -72  114   99   68   20  -72  -60  -49   49 -105  -82   67   -9   28  119  126   69  125   28  -81 -102  -34  127  -78   56   81  -10  -53  -14  -17    4  -85   97  104  -17  117   32  -77   68   82   74  -14 -107   66   15   12  -64   84 -119  -36    4   35  -69 -125  -42
  -13  -43  -52  -66  -57  -69  -62  114   28   42   97 -111   75   21  -43  -99   95  -57   50  -95  -42   62   97   43  -57   62   47  -22   -7  -78  -64  -20 -121 -116  -86   79   71  108  -63   99 -105   35  -12  -30   56  -55  127 -105 -111  -79   57  103  -17 -102 -110  -74  -40  -63  -96  -47  116   97  -67   -5
  -19  103   74   53  -44   12 -104  107   47 -115   77  103   86  -52   -2  -25  125   55   79  108  -46  -31   34  -86  -93  -62  124   23   35   57   18   17  -95   93   70  117  105  -34  -32 -104  107   45   -1  -62   -7   -3  -87  118   53   -8  -30    7  -38    4  -79  125  -58   45 -108  -22  103  -90   -5    8
    3   65  125  108   31   93    4 -117 -118    3   77 -125    1  -10   -7   54  -17  -37   61  -55  -33  -18   70  -91   28  -38 -113 -125 -128 -118 -117 -124  -53    8  -16  -21  101  -11  118  -17   -8  -61  114   -7  -71  107   47  -88   70  108  113   37   91  -73  -54  119 -111   90   -6   18  -28 -123 -106  -80
 -115 -122 -101  -14  123   17  -31  116  -44   83  109 -115  -66  -99   54    4    9  -89   41  100   95  -13  -37  -16   77  -43    2   50   90 -104  -30  -25   31  125  -39 -102 -114  -70   14   98   13  124  -17  -53   25   37  -49   34  -51   -8 -121   44  -20   98   28   57   56   31  107 -110  -73   77  122  -42
  -54   83  113   88   14  127  -70   27   -5  -86  -25   20  -49  -74   55 -100  -81  -66  -56 -101   32  -27  -44   88    4   64  -21  -69 -115  101 -110   88  -72    3  -80  -58 -126  107  -30  126   21  -55 -110  -28  127  -55 -127   46 -121   73  -55  -88   46  -98    0   50  -34  -21  -18  107   80 -128  -61    9
 -125  116  -49    5  -33  -79 -125  -12  122   22  -40   -6  -33   89   40  103  -93  -14   15  -47 -112   15    4  110   -5  -14  -39   75  114  -99   84  -11   17   36   -6  -16  -43  126  -28   80 -108  -68   74  115   22  114  -38  -71  100  -23 -118  -12   -7 -114   98  -12 -128   60   63  -14  -39 -108  -25  -22
  -72  -30  -38 -115   96  -66  -35  -12  122   39  103 -112 -102   66   73   -2   43  -44  -13   36   98   85   24  -29 -111   88  -43  106  -20  -67   84  -92  -97   46   49   -1  -20   15  -13  103   54   90   -9  -48 -100   65  -49  -56   21  -62  -20  119   23    5   90  -87   93   48   19   73  -19  104  -19 -116
 -106   30 -117 -125   45  126  -22  100  -40  -31   52  117   34    3   61   55  -59   41  -81  -35   46    9 -122 -117   57 -103  -44   38    1  -63  -78 -104  -32   61   27   13  -69    5  113 -108  -26  -90    9    9  -87   70   64  111  111  -17   76  -98   -7  -46   41   50  107   -2   89  109  -65   11    5  -97
   73   32  -83    4   37   30 -104   11  -60  -95   20  110  -25   85  -35   87   68   41  -11   61   -5   30  112  102   28  -55  -45  -36  -44  -40  123   29   -8   40   34   29   71  -70   41   11   92   61  121   67 -110   86 -102  -41  127 -113   20  122  -82 -124  -31  -54   77  -76  -90   34 -115   34   63 -123
   74   97  -93 -111   28  -52  -99  120    9   22  -69 -100  109   86  115  -20  -27 -121  103 -109   12   72   94   89   -4    4  123 -119   38  -69   15  113   28  -78    2   56  126  -97  -80 -121  -74  108   35   35  -62 -106   15  -89   30  118   59   42  -66 -103 -125  -69  -99   -1   68  -60  -70   83   53  -42
    5   55   15 -125  -41  -65   11 -115   43   46  -80  -19  -59  -65 -107  -29   54  -48   13  -12  105 -112  -81    6 -113  -12  -54   73   71   -1   32   77   55   47  -48   14  -18  -37 -101   26   10   75    7  -49   10 -100  -78   64  108  -65   53  -43   79  -28  -36  -33  -40  -90   40   32  -90   72  109  -35
  119   61  -21  102   25 -122 -128   35  -47 -121  -14  -37   36  -92   28 -112   99   81  102  -78   53   66 -111   14  -24  -70   46 -114    2 -101  107  122  -40   86  -32  -15  -36   96   20  -83  -25    6 -119   11  -86  -91 -100   13  -10    2  -64   43   68   81   57   44   11  103  -69   14    2   38 -120  -37
  125  104  -52   89  -56  -31    7  -81  -25 -112  -69 -110   53   87  -97   43   89   95   86  -99  -79 -112  -55  -68   -9 -124  -54   -6  -85   82  -43   40  -70  -95 -127 -126 -126 -120   50  106   24  -19   -4   77   68 -101  120  -99   -5  -49   58  -84   95    3  104   86 -120   51   80   51 -123   37   91   64
  -57  -36  -62   73  101  -12  -77  125  -31  -81  -53   37   75   67  -62   70   18   -4  -14  113    0   90  -56 -120 -115   24  -69   19   62   22   83    5  -14   21   78   87   10    2  -43  -21  -79  -96   17   -4  -29  -45   66  -10  -48   52  103  -48 -113   47   88   28   72   19   47 -122   41 -126 -117   27
 -104  -39  115  -94  -37   72 -115 -115  -24  -98 -119  -53  114  -52  -63   66    0   41   18 -113   88  106  -84  -96  125  -37   38  -90   94  -79  -63  -10 -117   52 -104  102  124   37  -13  100  -60  125   48   54   73  -15  120   73   26 -118  -39  115  -12 -123   19  113   96   58   23  -66  -21  -40  -76  118
   13   76  -35 -119  114  -48  -18   54   77   30  108 -106   15  -28  -32   42  110  -71  -99   98   62  -80  -45  -98  -22  -22   93  -42  -62   17   76  -49   94   41   89  -48   -6   71    6   71  101  114  -34  116   86  -66  -98  -60  119   59   38  -75  -20   -7   83  -42  -29  -80  -84  -91  -62   -7  117   32
   34  -50  -16   28   21  -10  100  122  104   66  -18  -66    0 -115 -126  119  -56  -88   44  -76  -95  127 -117 -124   48   55   41  -14   48  -98   18   83  108    2  111 -127   -8  -45   -5   96   21  -22   30   21  119  -96 -116   63   72  -72  -12  -23   56  127  109  104  -74 -106   90  -25   53  108   58  -95
  110  -87   35  102  125   30  -58 -110    8  -28  -88  127 -124   52  -65  -52  -19  -77  -75   37   50   34 -115  -24  -72  -25  -49  -19   83    9 -113  -63  -77  -78   39   48  -48  -19  -62  -39  -47  106   88   85  -97   23   33 -116  -54  -42  -79   -4   -8   62  -27  -80   37  -76  -98  120  -66   45   57  113
  -33   96  -95  -81   77   99 -120   30  -50  -31  115  109   -8 -108   -7  -61  106  -86  -65   98  -24  -92   18   13   89  -80 -123   23  -35  -66 -120  -68   30   41  108  107 -116  -12 -119   90  -43   -4  -57  -50 -112  -64 -111   -6  106   80   92   82  -11  110   95   78   31  -28  101   -4  -94  -19  -71  -64
   22   37   43  -94   25  -76   -3  -17  -80  -60  -67   64 -123   78   58  -17  -98 -106   66 -109    5  -95  -31   36 -122   70   32   40   51  -39  -23   73   -2   20  -20   24  -55  -23    7  121  -83  -60  -70   50   18  -12   34  -80 -117  100   68 -112    5   37  -76 -117  108  -44  -76  -97  -82  -99  -23  -84
  -79  -43  -60  122  -66  -53  -12  107 -113  -82  -98  -95  -94  -64   82   45   36 -106  -67   41  -69  113  -75   39   70  105  -57  -12    6  -80  -96  -73 -123  101   50   67   48   38  -82  -64  -44   76   97  118   12  -77  -92   48   73   97   90    5  -45   15   44   25  120  -13   13  126  -93  -83   53   40
   18  103  107   67 -115   26    3   97  102  100  -40  115   24  124  -93   97  -35   -3  102  -80   12 -109  -55 -124 -122  -42    2   42 -124   56   82 -106  -97  -66  -39   45  -40  -36 -114   62   65  102  -79   89  -30   85  -70  -64   82   33  112   95  -76   58  -29   58   16  -26  100 -108   30  -73   43  -67
  117    4  -22   77  -31  121 -117   34  -33   61  123  -62 -110   53 -126  -28   86  -14   67   10   44   39   69   61   13  -87  -47   43   96   -4  -24  -43    1  -45   34  -30   76  -82    4   43  -21  127  -19  125  -76  111   97   11   98  -91   21 -114  -52   90  -53  -39    4  -99    4  100 -103  -20   58 -102
  -65   92  124   11   10 -128   55  -11   -1   36  114  -76 -108  -44  -65  -10  121  -44 -124   69   47   80   30   51  -19   34 -105 -122   14  -47   33  -50   46  -99  -39   56   30   16   46   29   53  -96  -47  -55  116 -112  -65  -19  101   67   50 -108 -109   80  -57 -128  114   94    7 -127   48   40   79   94
  -59   40 -106  -29   57  -60    1  110  101  -46   55  -39   99  -10  -57  -56   57   -7   92  -51   74   35   77  -68 -127   84   61  -79  124 -116   15   66  -75  -90   37  -18  106   38   92  -49   -7 -109  -87   92 -119  112   36  -62  105 -128 -113  -77  -93  -35  112   36   49  -83  -42  -82   58  -27  -16  -17
 -117   21  -35  -10   60   57  -59   53  -52  110 -111   85  -34  -75   23   72   53  -89   -5  -40 -124  107   -4  -75   25  -46   99   83  -72   83   66   67  105   31   57  -91   88   -1  -38   36  109  107  121   76   32 -112 -108   85   55 -113   45  -69   -5   41  113   20   -4  -44  103  -76   40  -87   -9 -111
  -56   49   54   32   48   16   68  -99  123  -67  -23 -101   77  125  -16 -123   13   29   64    8   70  -79   28   66 -122 -125  -10  -82   44  -18   63  -12   31  117   20   79 -123   88  -20    0   21  -42 -101   98   83 -117  -25   96  -88   40  104  -18  -39 -124   49   95    7   39   13   51   21   76   39   52
  -63   59 -125   70 -109  112   70  -88   70  -31   11 -103  108  -14   -6   20   26   98    3  -12  -25   52   83  -18   91   97   34  113  -83   73  -91  111 -123   41  -75   24 -103   -4  -63  -33  -35  -52  120   74  -66  114   94  -39  -43   97  -51  -68 -107   32  -86  -15 -127  -52   98   47   22    7  -98 -101
   48   83  -77  -55   79  116  -88   45   64   33  119   -1 -109  -43  -40  104   55  -91   36  -52  -59  -49  -67   71 -101   31  118  -79   39   20   76   87  103    0   33  -73  116  -55  -28  -75  -22   91  -76  126   48 -116  -26  103   49   11   52  -10  -38  -15   61  117   17  -77   39   56  -57  115 -113   47
  115  -80  -26  -24  122  -54  -99  100   37   81  -30   85  -35  -55  -67   14  -44  -15    4  -82  -30   66   35  -13  -11   74   43  -67  -66  -69  -20   49  107  -46   25  -27 -100  -74   74  -63    7   44   22  -28  -11  -45  -14  -55  -60   -9  119  -89   57 -101 -102   46  -27  -58  -21  -93 -127  -41  -43  -20
  -87  -18  -46   69  -91   28    6  -84   72   29 -111   62  -16 -125    7  -75  122  127   92  -77   26  -10  -30   -1  -68  -51  -93   61  -91  120   42   78  102   -4 -108   11   24 -102  -72   96  -73   73  -98  -88  -52  -90   93   71   37  -71   -6   63  -81  -36   62  108  -86  -31  -87   79   89  -45  -99  -64
