46087 37722 13422 -35331 -39704 -117637 37646 -14340 79075 -37291 -75380 -26679 7607 -27226 -57192 -12131 -333 12421 13937 48469 -24371 26351 1703 -1393 52351 15082 -65171 -24778 42098 -37424 20872 35561 27404 -37557 14747 -79085 62021 -29293 -12272 -15046 -52120 63104 55579 41199 28960 54417 28945 342 58901 -12535 -8898 21426 -64937 40339 -29330 -21344 26765 -6768 -16488 -56426 -29264 41149 20932 -28126 
-18149 -67761 -23177 -22028 -4269 46542 25211 17913 -96195 32075 7829 21510 9466 17882 110913 -31193 -49220 1814 3551 15973 -36841 48965 76402 13145 8255 -67371 -40910 101692 -3284 85402 -27888 -55627 44279 41342 7126 -22436 -43806 89769 70324 -42094 23464 55236 62017 22453 -8658 -76066 18756 -9533 -50078 56277 40012 37007 -27047 53091 -7211 13447 -12119 -54973 -6723 -20758 23937 73697 8970 24467 
44783 15944 -48387 -28521 104072 -4330 63984 26615 37281 31803 -20281 -29986 -7055 77444 56567 -15330 5395 3207 -88677 -54086 27600 -59108 -34750 78704 -12593 -60134 -16516 -10371 -28812 21658 61911 9310 12891 52080 -50401 49058 10338 27137 68610 30170 40010 11671 -53997 14698 -47719 -29990 -93313 -46140 30936 -11165 -10833 12262 47849 3984 -68790 -28876 -103101 -16997 18529 -85330 41462 17776 -2969 -46107 
1322 4446 13475 65415 28988 47739 37657 -39803 -35264 -23638 65997 -30961 26905 -89199 -41410 49300 -25876 12944 626 -12628 -73276 11180 25613 -64015 -8095 68048 -5790 -11891 -1734 -581 -19155 33856 -1264 11117 15760 -42871 26196 -7738 2429 -41149 -46207 -30106 30244 -21196 75273 3786 23158 -77907 -35142 -81133 -5726 -20419 49018 -23006 70430 -12069 -24219 51713 16936 10474 28109 -44063 43218 -34689 
2795 -13936 24433 -26283 -12629 -17734 -20314 80164 44626 60447 -24260 -79183 -38201 -53762 -8085 12583 -79813 -36980 -53707 -29603 -5715 -10673 -13702 16623 -2836 -3168 -16997 -89628 49244 61178 10777 -14166 15402 -8692 -16789 -52189 48687 102937 -24130 -35233 -2059 6012 -37238 -45061 -21889 -31882 -8367 63409 -62725 27494 -26274 -40864 34098 9815 -26607 13350 64355 40985 21174 -31913 6153 -84050 18660 6147 
11864 -29225 33981 -50586 16465 -20865 -36391 35236 -10976 23489 -10581 16902 17050 -123023 -66076 6434 44057 -2037 -24307 5475 17306 -78101 -39910 -320 -19016 -84887 -36440 13327 38131 -73322 3295 29609 -26255 -40499 22682 -23925 118825 -34712 20187 -2099 -35546 -67722 48071 63579 -24781 -38707 27907 13228 40247 -82256 62447 2681 19199 -24159 101775 54160 -53046 -65748 38618 86842 21153 -30761 27436 20066 
-49461 -78982 71804 -30066 2729 29615 45771 -15825 -80926 -34368 10060 15303 -21421 -32046 42720 11423 -5283 79569 -15693 -56927 48243 24418 -71927 13842 -21092 -116257 31260 12312 91555 -104562 -17535 -83081 21658 -40228 -59609 -28560 7296 10722 -35328 -73741 22744 -104511 1609 62741 79439 -96942 12602 -29102 2174 -54390 10698 45724 19843 -30019 45726 10934 -45925 -15108 -53758 40243 -45986 -77696 83691 -24926 
-75975 46487 -4661 54271 -81071 -26169 23951 -11455 86103 -4170 32461 -89601 -38392 -82535 16115 52718 27646 9886 32342 23129 9662 -33180 13717 -30504 -1166 32492 -1826 -66262 -44085 6098 23955 -44218 -23267 14447 -72706 -28528 -41421 -18131 43218 -21522 -63147 52144 -36688 -23071 -19648 69338 36867 -28338 -16026 -90274 -24681 -98443 47728 3088 -71950 -11379 24494 2153 -43940 159 -17064 21256 63117 61128 
39809 15879 64419 -62511 -10935 -26948 -14377 22157 49222 -23602 7051 -21750 10402 -37871 -71961 486 -71596 29345 -15079 3880 -33412 33606 -48215 -46036 35836 -65989 4951 7052 49322 -34736 5527 -44087 66124 -55788 75015 -12436 76091 4375 -56908 -38623 -35196 -31671 -19969 11866 22445 -10983 50155 48959 -4513 -44162 16025 38215 22340 66536 64448 8818 19191 32651 94350 -42416 -9423 -67105 9796 44467 
-83493 -974 28590 43563 -28611 -7947 944 18154 58604 30370 43752 -40740 -61170 -46766 -14011 -16407 -30311 -119988 -60923 7309 -43898 -36552 -11282 31973 -63379 -20483 -8057 -98237 21114 -24049 -65356 94466 -23218 -4799 -52692 11860 59874 753 68084 9896 -51416 30150 40706 -15909 -19366 66454 -33139 30683 -2498 45332 -47136 -44354 -34230 -101551 -10781 -23795 6642 -157 -87870 77782 -4236 -22673 38302 24369 
-53900 -46744 83064 -74674 65577 -48066 -70005 6786 -58135 42051 11859 50396 -48895 74172 47745 4214 30558 -13675 19878 23606 8545 27847 38104 32677 -45846 -15053 44486 4649 -54039 -3864 27747 23478 33434 21832 52322 -10418 -53995 5062 -16222 28581 86368 74561 -17268 -38738 -5384 2121 -100880 52103 62631 84944 13093 22667 13195 -3351 3303 29151 36552 -32935 5054 15592 -32101 -27494 67764 -61814 
51 43966 13576 -39959 36359 48326 41544 45421 -21157 24656 28982 -43354 -16059 -652 -65656 155328 8191 57149 -2046 2208 23780 37975 -16450 28906 68364 -17609 -53346 -31870 -71135 -13535 57970 87366 1493 -4315 35696 30539 56997 -43545 -17965 75786 -50938 16347 -14242 14805 60226 4200 12210 18247 35652 40418 -3296 11492 49631 -31361 35838 33921 -66886 -55572 46467 -17541 37715 951 32215 -78609 
-27636 8339 73092 -15665 7613 -18515 26754 -13628 35593 -10776 26656 -29460 85612 -23254 36357 -34022 -67632 28157 52016 -19578 87729 5546 -22238 6712 17629 72013 110761 -68232 45074 -70788 43529 -38761 50577 61935 93545 -5971 72004 -14497 3359 -48966 32129 -32496 3872 -48087 40257 63861 23354 -12682 5118 31701 36217 41913 58834 55733 -4848 14803 -20518 46170 -3257 -70450 -39047 85576 3482 38459 
40619 66079 -25899 -90225 -6131 4603 -68904 46792 75668 47491 7928 -66556 -28125 1671 -96059 13824 -26992 29719 40046 63259 31520 -8535 -24233 -14872 96361 7941 -58842 -6237 22444 -11372 59638 -18442 5917 -5145 -79043 -16061 -25237 7008 10047 -46195 16860 -45382 105821 64760 -4249 -20920 85844 15134 -24599 51624 12809 -13271 -21559 1456 -37890 -1695 -2113 -85556 7912 -78811 59191 -15255 56827 -27249 
110513 -11607 574 -14940 46844 -49158 -27087 -38130 -7088 -30487 -91325 -32656 -25024 -22743 18679 -45348 91930 -6706 -46219 6306 -72031 -26513 -27891 -49473 18175 27635 -97510 90750 46467 -10557 -54114 -4694 2321 -47537 -88045 -44714 -128057 -26077 11265 28720 -55776 -6022 21813 77748 -34842 -16886 -15141 20955 -33183 -54614 26413 11845 -27664 36137 -38598 3250 -35253 -9952 4755 -27615 -11215 -66020 -7029 85453 
17499 -35283 99372 24034 -23715 16279 51006 -13050 -102618 -8700 -76536 -62573 -3316 -106704 -4051 22246 -787 14020 -56879 53191 -59538 83714 24327 31546 64167 7430 -54569 35216 32605 37479 -37726 -18450 -20952 -49291 66648 -37723 -57646 -4140 -16853 3382 -73181 57735 61313 2363 -23930 9748 64935 34168 45882 -28912 38124 -7570 -1867 4930 -86507 7199 30534 -36766 5268 3722 -68185 -32209 22156 45929 
-38215 945 -67151 60104 -92057 11931 -59243 -44225 -1764 14016 22213 67655 27813 -1558 21141 26870 89997 -29970 -8729 -51686 27530 -46474 55020 54056 24172 -1318 42307 10149 47272 -9226 -23230 -131301 -63345 -49027 -1602 -7115 -99190 34592 -36178 -29663 -49408 -24155 -28631 66348 -7585 -59624 -414 -11169 -46659 -61805 18499 21984 -16748 13855 -31047 36948 24112 -20122 42593 39564 23263 -31307 41113 46376 
-86446 40453 16732 -21912 52496 -26094 53810 -65021 -26184 -23618 53590 -110395 -20376 -39655 -11084 43693 -30824 -29085 46463 -59377 13935 11552 -25373 16167 -51237 21475 123056 -72960 28232 -60775 -82484 30371 41896 48891 -4527 -32457 36383 -14367 35130 20704 33413 -1742 -15396 -73943 28042 44217 -10598 15791 -36537 -5421 -12099 2538 40857 28145 255 -52696 -11074 146443 -60386 -53512 -76516 4210 -28524 71430 
170188 7598 31969 12015 -22490 14125 71265 -41050 -42609 -21517 -72334 93060 -6584 50725 28821 -4580 59500 41771 11860 -2467 -47853 69830 -16035 -13159 23782 84689 -72308 157691 -13532 19305 54144 -13726 5436 -50141 -24109 43637 -31443 -40873 -51204 29787 -79542 30323 21878 17727 -41320 -54985 55035 3710 -14226 8186 44766 59117 -96540 23149 12922 -64711 -54298 -81918 -37981 25601 16397 -33183 -46441 52052 
5686 -72204 11087 26513 -16774 47579 -4430 -34454 -33825 -33862 -23867 -48383 27339 44186 18784 3524 27731 -38848 -49264 -9884 -11944 43461 -53787 -60618 -37034 49266 8261 26365 -21153 -41220 -45570 42876 -21407 47523 -58989 -7860 -57317 -3998 -19196 39433 7289 17129 2774 20869 71949 15036 16299 -29550 20361 39518 28783 35941 7115 -30656 11440 31266 -42729 18227 58579 -63946 4995 -78945 22000 -33555 
21220 8680 2448 96926 -31329 -53248 -47117 -3720 4868 33707 -8041 -4193 59590 -72840 -7569 3818 1927 14173 31403 -10451 -27997 52261 -29536 -35811 -33964 9211 -82733 -56993 49743 14545 -39278 5506 26089 60461 20280 15407 45298 -20236 -34534 -6509 62255 -4805 45934 -12146 19628 19140 33930 -27681 32911 34021 17723 36332 34072 -52692 49482 -15997 28241 11948 -55959 -70919 5978 -33813 18837 11513 
-29467 60633 -26575 24481 -26505 -2651 -23789 -1034 38119 61134 -15264 43221 -4638 -3504 2592 -9884 -52798 29621 16555 17338 -35585 12825 -34925 24687 77074 1855 -21155 104444 -54803 20085 119502 17163 -93695 29909 38206 5061 -42468 -61177 -37244 38505 27505 -3938 111717 25479 48210 -49886 77236 55200 69680 24879 65046 68999 -43819 -15056 -34333 74617 19362 -91840 16889 2604 11175 78472 39831 -30872 
-69522 87125 -4228 -18909 -63164 -23 -15506 -662 61137 -34205 11093 -70107 -182 -13805 -134427 56583 1399 41257 72837 92127 65660 -80977 -58863 24594 68620 42057 44697 -21962 127718 35874 35645 -67155 -15288 -51470 -22539 -54356 4828 -10545 -1372 -39198 -66184 -22013 11467 -20852 27674 39080 82600 57478 -79217 -64670 -17112 -10170 30014 -29244 43156 -55952 -8885 44737 24159 48865 222 -79328 -67093 -14338 
3387 10407 -35842 -20210 71786 -48947 51176 -18339 29147 -29900 55481 -14550 -19256 12863 -93339 52612 -25590 -75202 -465 -25717 5245 -29582 -45366 -2646 18843 -12119 -31204 -8794 30344 16487 -19726 18435 29259 -65295 75502 -71107 89553 48391 54042 6355 -20581 -38074 -35889 16234 47220 37450 -18158 -20533 -46735 -41142 -11807 4849 -14158 -42908 45979 -54190 -30033 -38891 -25503 10766 -220 -24217 23732 -31511 
-48503 18013 -43429 869 -70430 85235 43569 -39957 -44433 29684 29784 192 -58379 29876 38237 -34522 55878 -67944 10762 -3858 -4346 27302 37821 -4811 -27664 25243 38681 21719 -56013 9705 -3101 2780 -47378 26232 51076 113291 -50429 18331 33324 15151 -50664 2991 29329 -13998 28896 -36540 16162 12412 -51110 43909 52174 87746 -81282 -6582 -50919 -17430 60160 7082 -11086 -28847 38959 29657 -73655 41712 
-50254 -30922 28048 103525 -45594 -5203 6147 33198 46172 18401 -14863 -70733 32298 -70752 -34661 -56978 -32796 -29674 41193 -71181 -49118 -23170 86295 26648 -24639 16269 46090 -54334 -39767 -31355 -68496 35244 38651 82287 -40128 -40182 -3982 9975 -64958 -14145 13753 61845 54208 -6566 39571 67792 -35264 38055 60152 -99887 -18328 -38093 52379 92831 -20149 22457 17061 91055 40133 -27980 -5998 34084 69812 47775 
-11083 -73022 -14773 -6253 30751 -29138 3771 40799 -38626 -31411 -1873 6392 87570 -20869 -7755 37499 44394 40845 84489 -4843 48077 12220 -13822 -68323 19811 -54947 -8316 -1498 -83257 -45463 -45536 36159 -19624 85651 -12552 77743 18803 27102 10606 -32324 50396 -62510 20164 82821 15739 -16828 64634 -8765 79084 63523 16170 -18186 -38385 -14788 31048 64802 -32308 10634 18897 -1806 44627 69546 42538 -23026 
-126284 14820 47142 19901 -34599 -16047 59322 55871 -10412 14441 35140 -20646 -836 14172 -17374 59877 28678 35245 -22328 64843 97014 -26049 79514 27103 16083 -34186 485 -30951 15097 -24136 53517 -8485 -24087 -17280 -6146 54620 20152 -4604 -67656 7905 -13707 -44436 -46263 -48581 50893 25155 35381 7146 22700 115370 30837 11490 -66768 -118627 -77530 -1613 -17474 44537 -103031 -23732 -22301 4182 -35176 -35090 
77409 39313 26044 -51850 16504 4301 -3411 -20784 29916 -40830 -22684 40254 -25033 -38398 -95383 -21382 -43334 85964 -48482 20392 42096 -105026 -32147 17086 57981 -32142 26796 41323 84472 -7798 83088 -51365 -85576 -69948 8518 -10128 -7259 50604 75057 -54449 3666 -100471 22990 36632 22 -106413 48864 -48299 -51965 37906 79497 -32857 15685 -61332 -31697 35560 -17618 -115476 25609 94493 5827 -31331 -30116 -41620 
-74765 -65876 4934 -15943 -3085 24959 -9670 -37864 -33778 -13854 8484 39459 24964 5884 25859 -95975 1460 30121 -37791 -375 83418 -22481 -9339 -10464 -65732 5697 49 -99227 34973 -81693 -43995 35217 23509 -2022 -128961 -24785 -44237 4500 -20706 6388 121737 -34721 16182 -45524 -25720 -11351 -53014 -40388 -70501 74904 59980 -6201 247 -40681 -1780 67061 -68645 50583 -26261 -55541 -70215 -35964 -35227 -7021 
21855 -22563 35964 1640 49107 -47869 50134 -62426 13687 -25242 -31685 -73633 -17186 -32746 24409 -51473 6385 -53058 6620 20777 -1164 34584 14430 -96899 -89369 35585 -41059 686 89199 17708 -15495 -6251 454 3820 20031 -127916 127433 15789 24204 -28013 -32595 88751 31325 -47182 -65151 -13901 5902 -77820 57915 -72587 -13102 -11713 -34442 51066 -75661 -99308 25260 61439 -57985 -13013 18052 44179 -24954 -16218 
46047 603 7624 -3670 -15044 -60874 -7544 22315 31005 15983 -29899 2976 -61908 -16541 -51625 -2041 -41838 -27442 -14689 12025 -33472 -16012 -29355 19724 -7134 14906 20631 -85550 30999 92390 72891 -84866 82297 -46659 34836 -18182 -12154 64884 31067 -51723 -5849 -24860 -234 -5494 -37662 12591 -28950 -17840 -7056 1407 -24467 32278 48526 -71474 -31411 46474 30638 -29419 23401 -35195 109865 -100185 19757 29309 
-31842 55918 22599 -61096 -23774 -20553 -24106 524 51815 -24739 -48145 -40749 -13935 -40680 -17069 -49873 -16085 62804 -26175 -29745 -10141 -53397 -31595 20484 5019 -90688 39551 -97219 40728 -2742 80511 -47827 6874 -1526 -43767 7893 35200 -19627 20711 -44406 -33751 -21295 -26422 -5028 33611 6475 21582 42944 20812 -30068 -26947 -35673 463 -5735 4026 38918 25619 -12464 -5232 3407 -27723 10710 33629 -5132 
18274 -47622 -3762 -53243 65952 -85947 -14319 -49163 13161 -57775 -39732 47038 27452 13155 33896 -29757 38110 -12142 -14243 53244 -26629 15828 -9088 -77924 -440 70635 51727 13827 40942 60324 1003 37791 61894 1521 -58836 -91205 -72714 27657 -77686 -39409 -46044 88117 -121529 -87020 -47651 -13931 -36087 50654 -44060 9131 -52330 -18619 -11822 53206 -48206 -51379 71574 10980 25607 33057 34946 -23402 -25357 -78667 
-5291 22370 -41958 -191 -71311 8179 -6136 -58734 -52525 -25344 -49311 -13649 -26901 137129 123906 13058 13617 31523 101026 34618 -124 5999 90272 7205 -38106 53567 -9680 46622 -55677 -51857 -37235 20028 9349 -24426 31140 -50031 40937 -7332 23689 85936 7949 74492 -32882 -29524 50107 -49172 6484 -44731 -39858 4041 -57443 -27419 -57024 8007 21811 -28320 40463 -25286 -44256 8375 -18345 92756 -13607 -41312 
-2475 24714 56557 70030 -87131 -23534 -109205 -14583 37001 67623 89201 8172 -12064 -26089 68999 -43822 -24313 -29920 37429 -8706 -27643 15071 -1659 -33915 41151 -1586 -82678 -1851 11026 76132 -478 -53919 -3694 -49661 76617 -25484 -24799 -89724 -83506 -25245 101586 -29499 35015 -42091 -87947 2407 15392 19979 12568 -41014 46095 9933 7157 2245 18054 -35066 -25830 3534 4466 -22663 6278 -7764 65039 89267 
19002 16293 -72132 613 835 -756 82632 17110 23036 55357 24555 45620 -23732 -71984 53295 -110513 46931 -96001 -32481 -25564 9697 25268 -3490 11096 -40169 -45408 46413 -36440 24054 -28956 9981 -15286 14369 4647 7852 -11058 35724 53113 21175 -15753 14543 17514 13573 72467 32464 -26152 -45601 22267 -17797 -50013 -15025 -3988 21335 101437 -55770 24641 22110 -37815 -4610 -25201 99923 65053 -18830 73269 
34151 -19340 -20500 -31356 63887 -29396 16973 -4485 -32354 -36413 -63833 -40124 19132 -2613 48948 -19470 -24284 -55875 -32352 2464 -134852 29731 -30316 -24198 -85110 -74500 -6486 95735 -1736 5566 -6339 45500 4028 13325 -8548 -91020 -30737 56992 35218 28004 -40518 31864 -99189 -2721 93014 5498 21922 36086 -34972 -29784 -45749 -31632 -10015 30179 21030 -40758 24938 -14347 72418 26239 -7736 -49775 -23994 46188 
15123 12743 28207 13317 85944 -45884 15763 -19150 59370 3982 -26076 -44379 50481 -5321 12330 72337 -2230 35153 -2909 -40693 -39233 -32490 -16350 38406 86309 83180 -29190 -23308 23630 -9884 15898 56703 28249 -8301 34621 -3288 52709 -19300 -40461 -24662 -41902 -20756 -66452 -71696 44868 -1277 66316 43656 30260 32244 8613 69219 -1190 -42696 58366 -34886 -26624 -5007 -93616 21036 -89354 -30213 -22910 -63065 
-46595 23866 6382 16950 9476 -63919 107534 -4103 -17171 -69334 -30744 14578 -43690 59595 71333 -42019 15629 -41388 19365 55771 36782 -18344 -39514 5676 -16854 30101 17502 52519 -12725 -13217 -99141 41387 -79330 -36657 23883 32177 -22179 -5045 18464 -15237 -26626 55528 24386 53604 52938 -40555 -59834 21370 31244 -12550 -24417 -59316 -14087 -32662 -36037 2134 18824 27014 6209 58134 6796 25946 -29096 -57035 
73883 629 -50026 -44293 16128 5194 -36331 51633 43229 33708 33179 -17278 -355 -18138 56475 -26606 54647 -118971 -27166 25851 -5030 -14963 -34290 -23873 -18939 20002 34622 -21478 -82756 -37990 32473 73318 -85961 44642 55345 123815 52584 -48673 41250 895 -52734 54852 -8989 -464 -57654 6029 10247 7021 9950 -29111 3757 40957 -30757 29211 -7459 -8828 59727 -33897 23744 22279 79748 112689 -51448 30340 
-2903 -16940 13999 -101667 92 -2610 -42585 -44434 -34910 -34168 -62300 26120 -39923 9646 -5115 17159 -7406 23605 3335 -11227 14930 3140 -65542 37310 17215 -5855 52671 -83986 -44701 -15505 42107 -7670 37203 -33061 81021 43988 -45895 -61619 13270 18052 46565 -84262 -7204 7384 13178 15749 -31508 31565 35446 36973 -18973 -23969 -24908 -72630 -38840 54961 58515 -35583 102084 7444 -56306 -27534 65887 -20540 
-28324 -16003 -60027 -13908 -46947 56619 -22915 -36051 -62209 -18684 33828 4410 56176 7819 88991 71152 7874 -18877 72216 -16201 -67704 16629 3678 -70351 33595 -25356 21465 72128 -58074 49488 -92130 -54560 -21335 13352 86140 4538 -24178 -68760 14755 -9304 39029 -5717 -33337 -3128 87294 -11281 9297 39326 -48536 -47967 -75799 38116 17844 -3035 57602 22531 37938 61371 53596 20798 41078 30654 -20054 -58787 
47660 -22338 83312 13673 35697 9287 -34129 -12795 -3880 25243 -13383 -84750 11032 -59871 47892 -73506 -79171 -47118 -9015 -58319 -22150 4633 -7737 52683 -81492 -47185 -54283 -23015 -80642 -20981 -13363 61720 28239 -25446 41179 -73402 110610 69599 108410 -5630 59111 25485 29124 30111 -58131 27499 -17101 -65287 55609 15989 3465 -80271 52219 54053 5633 37869 -11558 3421 -30261 37683 33706 -11605 -828 83033 
-35183 -16485 17950 -13948 -25194 32920 18079 -17286 -67173 -5289 16481 -57381 22734 -3616 -11146 79068 -59883 61201 11508 -46673 41233 56540 -79098 42308 -4657 -32629 22619 -79336 -3625 44149 -14423 -37026 -19899 54578 21560 -18727 39548 -2130 -18259 -55264 -85566 52406 18559 -61887 -22445 3437 756 -10006 33701 -74835 1313 -18207 62551 41879 -11813 -24440 -19830 33772 -3117 -22548 -19197 6883 -18851 -33477 
-27682 18544 19813 34596 31408 22327 -25683 23959 -21056 70584 16358 -68 -58116 -70426 13772 -31207 2713 -46422 -45980 -12120 4596 19368 66872 -38309 -60323 22991 -39513 -79050 -8268 50788 -33121 18717 -28109 26947 -12753 -3699 36030 27010 5484 19317 125133 -31329 74663 -29426 -24618 33688 -79221 -21106 36344 29378 -45971 -84866 8928 -44870 -33699 33878 45984 57435 -28995 -44764 48770 17262 84074 -13253 
4576 24935 56729 31629 -14186 898 -28710 -62716 -33437 -43083 7377 61167 4924 -25573 -110154 -33391 41640 23652 -4796 372 7558 -44180 -60706 -14495 -7767 -7837 20826 61053 66914 -58970 -67036 46413 -59398 -25739 -45754 -45613 -44598 -23863 -52010 96906 39436 -45054 -56902 -38793 -47874 16641 11085 61255 27636 -49347 43477 2103 -16574 -38043 29481 -22043 2439 -14642 5829 105883 -56504 -7028 -53395 -24235 
-40195 45647 -12296 -9581 -67101 37924 79298 56766 56462 -51069 -13567 -63770 -43863 108040 1940 24776 -4059 68267 25109 29934 25533 -20794 -55543 18852 -42594 -50635 7613 34936 29535 -74721 101138 25632 -27712 -38757 -67286 48783 44088 -8300 -18992 26219 -108061 -24299 -7050 44948 17044 -66637 105845 -46185 42589 -14217 -24096 30033 -4504 -6952 11742 -69939 -27541 -28994 -34589 21493 -14941 -29780 -42032 -28108 
-14564 28828 47897 59556 -5698 3604 -16831 12348 14081 -1843 16323 -22590 20595 -33842 25868 44380 -46387 34085 12824 22133 -15722 46822 50834 -5581 61110 -11951 13186 4205 -25339 -5181 -56397 57127 9404 65919 52826 -40542 61390 -81073 3303 47152 48983 -20892 69271 -13246 139943 6857 -82962 -36984 -37566 -7310 8038 21010 47065 -22779 -3562 20926 -39410 60132 75922 -107675 -14115 73363 94941 -42702 
16793 -16861 37933 8661 68689 21733 -3360 -18803 -48885 33633 43590 -14342 81063 -38565 -26162 -5137 33226 -59912 -31147 -16258 -30347 31845 18861 -50095 -1071 35253 -83139 28514 -6417 27605 30634 -9974 10975 56260 -3146 -23254 -40871 17922 -72876 -21807 -20237 40639 -88271 -29155 -27570 62181 41867 56098 70542 8622 30979 41280 -14015 67721 6139 11240 -882 5056 5089 -18802 49448 -66426 -40849 30619 
-34116 64910 -115473 8319 18770 54117 81538 -76585 -10357 1293 18546 96856 30561 33152 -17989 29636 -43662 81658 54723 -24231 -20034 25182 31118 19983 -11126 68430 54677 65911 16002 -27556 82650 3152 17451 14061 -17491 -25483 -16689 -33863 -25167 39041 -56345 2639 -55134 -16811 19748 5530 37597 -50549 -31323 16898 -40870 3447 31602 74079 40669 -17759 -12792 -23143 -22065 61435 19615 63643 -76773 -62373 
4149 24505 49034 -90219 5590 -19279 8197 51291 77317 41332 14524 24513 -13417 48111 -22812 11300 4883 29158 9681 87783 8586 -2230 -5416 2352 5838 70729 6255 26069 -6829 -11421 114536 -34006 42266 -7203 -21240 8818 -15799 49927 8808 -9481 -86946 60829 -31602 -20160 -26405 60846 -6055 58234 -34942 40901 -8293 19570 34445 47401 -28650 -20890 -811 -26821 7114 -34704 85810 -40279 -12991 -66406 
35218 -36359 42934 -42078 -17298 1690 -2196 -85855 -40802 -62950 -62282 62926 -12650 1457 6729 -15323 60877 -29819 -34591 55535 -19273 -23543 -23794 -59134 16000 49840 13410 73067 33965 -40260 1129 37046 -32816 -19299 -51064 -73104 -69167 -9639 37610 35740 -23069 -40163 23912 43427 78553 -57393 -5517 -60045 -78221 2146 37821 14666 -52671 -54426 -12728 63607 31141 -19780 46812 43014 -20962 22627 -28829 5351 
27201 15417 -22588 61227 97046 28680 28776 -39409 -76220 -1107 515 20163 -5632 -92175 27737 -90431 22400 -18876 -69658 -39541 -24452 5248 15721 38037 -70930 -65503 -35298 -15644 9532 -39297 25270 40651 -52946 34332 -35681 41680 -7454 3528 5533 -32932 3176 18407 14083 -4726 -16297 -54777 16121 -15338 41171 -42854 41511 -38855 -11223 6610 -33546 14033 -9585 -25491 -32941 42370 41069 23658 -41086 117958 
-36588 28573 -11825 6728 -4153 17922 30911 29677 -29762 -1129 96754 -54611 -36154 57703 -3102 98959 -76083 -8313 12626 42104 68062 -35492 -12752 -4410 11949 35719 7932 24520 32291 -3512 -7673 -17277 8717 -10094 51551 -12364 6457 12437 80558 -5281 33650 4988 69542 38788 35701 14486 -32285 -728 -55459 834 -76259 -55991 143502 3230 25908 -4643 -59273 33745 -50824 -24403 54591 -37806 -3321 1591 
40598 -2631 -49139 -46203 39942 -45393 -2235 -7084 -32171 26404 -25554 5290 9064 -54026 57333 37358 -33409 55233 -4304 -60195 -44376 -8312 -68725 -86262 -60282 -63468 -22693 -2568 -17235 42228 -19495 32225 -4608 87195 26894 39257 32498 -80343 -49976 18178 -45861 -27534 -22218 -36713 27047 -55869 -19509 41821 2032 27414 -31308 -70673 -44505 10229 22842 -31193 48039 3974 -20445 78900 -27925 32137 16485 -60197 
21179 21882 5767 14203 93177 -16200 35701 18404 -11781 -27915 -14960 -20947 35885 -49674 12191 104548 45231 -35528 -41782 32818 -35802 16165 45559 14717 62099 37369 -137 41588 24504 -31824 47946 42705 -25484 -51052 67248 22335 83211 -67301 12223 28949 -12313 19445 -3913 42771 31000 1705 60076 -27324 27825 -42938 -66496 265 44400 -45227 48546 9576 -38340 -4674 -16742 10790 50021 51632 21593 -20060 
-58610 -53232 -46711 -33761 15490 51715 59163 49645 -95615 -36773 -32055 24560 -25857 48067 -17418 26888 -29949 33544 50623 19197 48538 -10681 21675 -35664 -62006 21544 126708 -22323 -51010 -4447 -32466 26879 -7017 94961 -26735 69656 -37140 -33747 30266 13341 4648 -3961 70410 16764 92533 -4421 -96384 5860 27870 58028 -43013 -45587 51084 -29279 25398 74485 9746 9450 40855 -7074 2875 107 33022 -98399 
-91464 -11330 -5315 -62227 55908 -3349 20289 80343 2169 56118 81749 -59239 -23601 -40912 43928 58936 -38830 -2113 -29542 8880 20374 7571 -39278 -17117 -6896 -25545 6910 7640 15605 -50281 64262 40813 -60813 44461 33899 -9624 29576 -92760 -49804 7497 -16993 10949 -87850 -25301 -5750 -3867 21069 94622 36980 -28341 -36699 14880 46024 35093 21850 9064 -5578 -51886 22167 8412 -6351 4836 44536 12366 
31056 23466 -5854 -17447 21114 16147 18476 18317 -14051 59460 -8297 -17101 -44532 -19379 46597 -12253 9494 -24037 16442 20970 -33314 43065 31821 -1597 -125798 -22307 -6161 8783 -25299 -53382 -86 40880 23676 87155 64634 -2403 29385 40171 73032 90047 28043 -38262 65877 40985 20734 -2174 -19047 -10339 31111 41514 -22939 -10578 22895 69289 -40878 45121 13980 32109 14724 20150 60144 -13182 10004 94163 
-2310 -69476 -46434 35789 -22068 75694 25578 21630 2511 -113 52830 -65173 63393 -2990 -45892 -18342 87190 4188 123 -40646 82576 92589 -50882 -43047 16676 -22717 28492 64802 54610 -11253 20522 -36434 -97061 69860 25443 50844 -14763 7001 -41073 -17954 -22213 -391 -39252 60012 -34019 -50810 103338 5013 -11209 -8109 71230 47825 -23621 76585 -91154 -64025 -28050 28860 61516 -49492 17590 1855 -48900 18108 
38141 -39302 -39543 -2496 27055 23454 -74930 -4796 39889 16629 31340 7120 26075 -55145 -50640 -29881 -90285 -43070 1420 -50537 18892 16118 377 16517 19322 3405 57103 -32872 -7130 45419 -6083 -38324 -2942 46101 13566 -22205 71997 -10934 35410 -74584 106580 -17682 41291 -57216 -21804 13338 -8748 -45844 -27148 -27669 35581 63702 14083 -2388 -10355 1151 29683 31518 24419 -29628 -10231 58021 2325 -21187 
-81550 -52912 113628 43999 -78110 -13305 -7058 40991 -17575 27410 -23549 -26446 69971 -117658 41537 45682 7559 100846 54391 -24234 -69250 45123 24499 17538 -30269 -101122 -3381 -49919 -76613 -22770 -2202 -35951 67861 110739 44529 2928 43225 -92262 -13875 46418 -37222 30146 -53867 -36092 25729 76445 -8046 -953 102783 -61658 31731 59121 74071 12990 54953 86560 21774 -4783 46720 -24824 -79102 19865 98502 21607 
-34889 -63631 66371 38197 -85883 55087 11799 -18279 -17805 19947 16829 4424 -2170 -74503 20950 16748 119632 -15255 -68531 5107 -14442 -22617 85393 -8332 36450 -25506 -91361 -125866 -32139 365 28027 28027 15513 -2233 -73371 16162 -75033 15077 -18018 -15869 -782 33368 -23637 430 -823 36093 -6748 4118 -28442 32689 6786 -71475 -39456 -40166 -57537 10515 -1046 -38041 30368 -21002 -38361 -50172 99976 9803 
