  -39   74  -88   56  -23   27  -37  119   89   16  101  -17  126  -50   38  -68
   67   43   16 -112   68   13  127   15   76 -117   94   52   75  -27   -1   36
   47  -88   92   24  -61   55 -112   29   71  -11   12  -59  -61   50 -126    6
   93 -110 -106  -94  -96   21  -79  -20  -95   15   32  -20  -12   32   16   35
  -56  109   60 -117  -92  -52  -88  -20  -63  -75  -79 -124  -25   51 -117   69
  -58   33  -25  102   55 -104   82  -40  -89  114  -60 -101 -110  -44  -66   90
   65   -6  -26  -26  -58 -114  -46 -121   67 -125   12   43  -73 -105  112  125
  -72   87  -29  -17  -17   53  -57 -106  -89 -117   49   58   96  -17 -108  -95
  -22  122 -121  -80    9   89   56   76  -35   68  119 -108  -37  -25   17 -109
   62  -12 -125   45   41   74  -61  -48  -42  -12   10   54  -28  -97  -41  -50
   25   95  126   34  -72  -74  111 -107   -6  -26   41  -43  -50   58  105   12
   46  -20   58   87   54   -3   40   12  -14   50   66  -42  -47   26  -92  -21
  121   34   13   49  -39  124  -57  -45   99  -16  -87   49   43   18   61   89
   -2  119  -79   52  117  -39   65  103   11 -125   61  -35  -99  -31  -56   22
    3  -43   72  -36   82   15  -80  -75   -1   89  -26   42  107   35 -124  105
 -101   53  -99   16   14  -34  119   25   98  -76  -10   -1 -107  -66   22 -104
