   69  -41   88   33   93  -16  -90 -103    1   32 -114  -79 -101  -75  -35  -44    8  118  -78  102  -27  -40   -9   73   74  106  -10   47  106   96   -9  -81
   55   79  -48 -108   63  119   46   65 -105  -68  -14   50  113  -49    7  122   70  -71  -32   43 -110  -41  116  -36   65  106   11  -85  -53    2   90    2
   81   43 -105 -111  -94  -59  -46   57 -127  -60  107  -13 -109  114  109  -39   44   77    4  -66   36  120 -102  101  -29  -90   17  -82  -88  107  -80   -6
 -106   71 -117   56   12   93  113 -114   33  -35 -127  -76   79  -18 -114  123   59 -110   57   95   11  -44  -60  -18  122  -43 -100   34   65   76   28  -41
 -108  -89   16  -96    4 -127   46   37   94  -81  -38  -82  -99  104   41  -40   -6   99   55    5   55   -4  -13  -79  -47 -113  -45   18  -36  -16  -22  112
 -105   -6   16 -100  123   63  -63  -38  -18 -101 -120 -116    3  -79  100   -2   20 -100    3   75 -104   -9   -4  105 -122  -48  124   98  -64  102  -46   87
   96  -29  -13  -37   34  -75  -75   16   80   61 -100   84  -17    1   82    3  -99   85   79   53   76   75  -98  -45   27   26   53  -37 -128    8   51  -32
  -21   38  -68   13  -37  113   29   44  -81  -70 -128  -98  -69  -46  -95   88   39  -16 -115  116   60   43   71   87   70  124   51  -58 -124  102  -89  111
 -116   99  124  104  -44 -102 -108 -125   84   20   33   15  -26  -61  103   13  -77  -12 -127  -17   31  -56   71  101   69  122   44  -55  -32  -45   57  108
   54  -75  -44   10   79  104 -114  -93  124  -81  -78   98  114   25  112   38   13  -15   21   45  -70   92 -110   -1  -42  -66  -56  -74 -111    1   35  -57
  -73   -9  -46    6   96   96  -86  -36   15   92   63 -126  118  -81  -88 -125  -96  -67  -80   90   26   67   89  -16    1   34  -89 -109   35  -54   90  -38
  -63   44  -31   33 -116 -117   -2 -100  -25   61   30   93  -20  -58  -31 -116 -125 -111  -25  -99  -44   64 -114  -42   98   53  105 -122   -1  -61   96  -64
  -16   65  -30  124  -52  -32   24  -76   29   54   17    9   -4  -14 -107 -128 -124  124   29   88  -67  -85   46   31  -32 -105  -91  -33   91    6  -96   75
   71 -126  -57   20   98  -32  -56  127   22  -39 -120   19  -52   29 -109   80 -102  -80  -88   87   92  -41  118   60  110   28   28  -55   34  -68   20  105
   62  -36  125  -96  -68   69   31  -46   31  -89  -27  -21  -60  120   59   94   41  -29  -75 -123  -70   44  -63   41   72  -35  -14  106 -103    7  -45  -41
  -29   81  119  -97 -106 -106  113  -75   61   87  -96    2  -49  -37   96   -8  -65   22  125  121   66   63  -94 -118   28 -107  -12  -74 -100  -57 -115  127
   24    5   30  -81 -101 -113  100  -39  -26    5  -37  -74  -32   59  -82  -97   81   44   25 -109  107  -69   29 -121   80   17   61  -20  -39  -53  107  -15
  -48 -119  -96  107   25    5   68   -1   10   31  -75  -22   91  100 -118  -84 -112  -93   64   -5   94   93 -126  -81  111  -64 -101   72 -117    7   57   91
 -112  -38  -58  -87  -33   11  -87  -23   42   94  -45 -123  -62   93   50   82    0  114   77   95  -49  -48   14   62 -112  -87 -122   27  -80  -64  118   65
 -102   60  -22  121   71 -109   98  114  -14   53   -9  -76 -109   41    7 -109 -101   84  -14  107   36    0  -87  -76  -86   48  -49   90  -16   69 -101 -118
 -126 -122    3  -55   25  101   59   11 -102   51  -64   45   92  -57  -63   -8   27  -77   99   64  -76   12  -12   94   60  -60  -72   44    9   84  -74 -117
  -38  -71   85  -13   30 -112   -1  -71  -61  -65  -26   32 -122  -89   24  -95   91  123  -31   15 -121  -42  109  -60 -102   37  -16  -93  121  -89   47   83
   96 -124   71  127   20   70   56  -40    5   30   -8 -117  -58   16   44   33 -117   14   48   18  -28  -99  -42  126  -62  -57   33   60  110   80 -113  -50
  -44  -42   77  -23   28 -123  -63   33  -92  -71  -84  106  -55  -39 -117   84  -25  -69  102  -53   88   61   73   26    4  106   86  114  -69  -26   64 -113
  -68 -114  120  -39   19   57   -6  -73  -14  -89   33  -69 -128  -84   15  103  103  118   50  -65  -77  123  -38  -73  -27   48   41  -96   22  105   48  -45
   -9  -88  -84   11  -30  -90  -62  -44   77  -28 -112  -51 -112  -97   52   -8   21  102  -73  -56  -31 -111  127  -57  -62  -88  103  -40   18 -105  -85    9
   64   87   20   34   -2  -41  -10   75  -69 -122   25   75   38   77   67   59  -76   -5    4 -107 -116 -125   92   78   44  -60   39   62   91  -46   71 -101
   42   92  -67   40   51  -76  115  -18   58 -116   57   96  -38  125 -100 -114  120  -96   35    4   35 -128   83   79   68  122 -115  -97   76  -43   59  118
   49   -8  -98  100  -84   18   82  -25  -98 -117   71  120    8  -29    6 -128 -125   42 -123  -89  -86  -40  -10  -18   82 -124 -115  -98   89  -56   21 -118
  -63  -77  -18  109  -59   64   84  100  -53 -100  -36  -44  127  -29   84    3   13  -39  -86  -73  -79  -96  -91    3   36   50  -94  125   -5  -73    7  -68
  106  -11   41   48   53  126 -108    1   26  112  -43 -103   83   41 -100   96    3   70   23  -76  -25  -68  -72   11  -17   90 -119  -22   17 -112  -90  123
 -122  -49  -85  -69   77   63  -68  103  -80 -111    1    3  -69  -99  100  -66  -28  123  114  -53   56   42  -42   39 -124   95   17 -107  -16  -73   17  118
