3164 761 -3640 15146 4266 29004 16592 76560 -25204 48060 -16791 37383 11918 33532 1484 49169 -128455 -67886 40449 3585 -3481 -31581 18064 -35613 41647 10397 16320 -13312 45600 -60301 -22849 10780 45245 38378 59744 -110447 23654 48023 8931 -32273 -80696 -6582 -29781 40285 51307 -60647 -55127 -1790 -20647 -3662 -63895 -23530 54057 -44967 -1237 56437 33863 10423 39572 -29087 47648 -88642 -8934 -74596 
-2102 -33344 -38493 35444 -31634 -30669 51510 15442 7510 64305 54593 -129204 45665 35466 24589 7556 34156 -24513 44522 51927 53386 22154 71827 -68288 -26598 -55936 19743 -17052 27099 -16479 34195 -80234 2252 36560 24746 -51767 75995 -1246 27068 49331 5828 3590 39267 47640 -67412 127609 8074 -138354 -3191 -25487 -65717 100967 -63858 -36498 5376 33028 -59651 20692 15516 -33254 -11027 45552 67846 2757 
-16117 -19315 4303 -41423 68658 -83733 -21197 -64502 7199 -25584 14307 5312 -36519 -54532 -70348 -63056 33122 35234 -71764 -19075 3298 37892 -40437 -16450 -24622 -5784 37379 -21760 90208 -18745 40852 -17398 -32408 -19828 8 -2106 -927 -14775 -39933 -35225 -6274 20322 -6705 -33583 60890 63630 38998 79597 131803 -67559 -30646 19110 33066 14164 32670 -30290 72276 -6912 -51220 -12551 21989 55209 -47503 -11343 
-33322 2936 45410 -27570 -57582 12906 34394 -28099 29941 7881 -33455 54634 37753 37903 -45324 37861 -32177 70127 -45473 30418 35749 -5336 -10382 -3625 -24946 7291 -13216 14523 59938 42653 48588 -16012 -30505 -36480 -92243 -10128 -36265 8410 -46928 -19933 73040 -67130 -71177 -19690 54036 -37538 15047 48310 -44119 -27571 78454 26381 -74648 50271 -44328 -33132 50325 -34238 23012 -48322 -4723 15283 -13375 -3781 
17066 -7732 13895 -19549 56630 -30788 -6166 34007 -86896 19448 6065 58806 -70795 -3618 11413 56473 -63373 -60265 -3410 55981 -14380 -36197 -49698 -65602 12764 -3020 72796 -40953 42945 -59327 83165 15414 92681 -2941 43804 -82241 42915 -21278 70120 -48309 25125 58 -517 19596 918 -21611 -34904 -27860 34657 -5548 -18842 -42416 61599 -14770 -24556 21695 24824 -30312 -18511 -75486 -9175 -12271 48 2447 
56150 -2066 -31303 -35577 23795 55524 21397 11469 -13220 23404 57481 62184 21633 89993 42579 -114 -84690 33644 -34849 -12463 24387 -61332 -910 76343 77821 -24078 78234 53663 60748 -2088 42645 37732 44662 60437 -13280 -39059 -39941 -12919 -453 -121 67462 19920 -2426 46862 5884 5498 -23020 -4326 17508 35577 -18715 -32782 8242 4655 4877 -6141 -10743 -5788 27234 -68735 -17278 -19387 6061 25862 
-34045 -21348 82373 -74804 41706 -38011 -11166 -23317 -31665 -52620 21839 -23874 31356 20296 -181 20976 -40357 12635 -30507 -50156 46518 -19685 11527 -32257 -31137 29075 30010 55843 -12726 -86315 2651 -36414 -26502 -13113 -65679 43235 26827 39555 22966 -6407 27257 -5895 5220 62967 -65629 -11526 68084 39738 -29158 -43584 45256 -24937 -40194 -1775 -443 22166 25355 -49946 4488 -28475 35642 4894 -18421 -19177 
-47196 -3027 -48595 -4715 -70652 -90945 54019 74804 -41688 67785 3400 2988 -31273 -1364 14168 -51861 895 -24423 -69653 45828 6190 14763 -13897 -43351 16669 -6157 31287 33946 19884 2614 37104 17223 28838 -9364 -59409 15980 -6522 50454 39293 49391 -3902 -64018 22627 -54992 2294 43483 -49669 893 49840 24453 -43634 26712 -22380 -13530 26496 -30773 14003 58744 41094 -40456 34705 -61743 3810 18752 
-20790 134308 -31089 99562 9550 -105097 -12708 -53697 -1445 -26201 29408 -40817 98070 -14351 -10854 -41340 -8234 -2096 25668 -63067 -14915 -32798 32882 23232 20770 29970 1163 -21554 27971 39845 8241 -26344 -41095 93272 15505 -4083 -66260 -20769 -23799 59079 69399 -108031 28531 17955 40184 36192 -46791 -19767 40238 91107 -6600 29241 50841 -17235 29395 -44373 -6552 9075 49274 -78127 17089 -50347 9782 29106 
2609 46930 -15910 -30271 2637 -44015 78321 -53793 19406 14809 70427 47124 -3286 58758 7220 41984 29288 17998 63253 40884 10540 -24135 55495 11578 -8597 38847 -18726 70597 881 34092 74875 75642 7460 76286 73613 -71300 56234 20465 58342 14082 50826 32872 -16750 -29854 -520 -34161 -55490 3120 14936 -63160 -161887 -2212 23883 -5309 9996 -7638 14873 34811 -71560 11895 75070 -8410 4342 -7170 
6264 -28218 -30714 -16416 -61302 19888 103354 -28281 27266 30505 141401 6833 55719 15631 70218 -588 -45100 -5158 -62958 83084 -14459 -75597 22315 1897 54906 -57263 -84446 125899 -22129 12051 -41461 -108536 49086 -12769 48853 2129 -102610 -28597 23724 65006 -6861 -39788 -31113 -66237 -38313 66265 414 -43162 -69673 40047 -13483 56415 -20470 66530 41740 -82270 10728 29379 13069 89144 51297 14159 33062 29313 
4456 17714 23459 -35884 67186 -51976 -30571 -49670 -4188 -49598 108536 -1827 78638 33500 1952 -17003 -4055 71495 -6616 8099 29569 -41061 46742 71328 4144 18976 45767 -52747 67474 -75893 35818 37336 -7797 27310 3271 44364 -47192 91195 51170 -14456 27374 -59156 -22073 25559 36960 50776 12785 41095 39776 2888 -21547 2552 -41765 7911 -8977 -22048 -6660 -23844 -66213 -75114 -10964 29068 -4820 -22074 
-18776 -18876 57984 -209 19677 -7744 -38522 -11246 77762 14893 50369 -33221 47829 35319 -19824 -17632 -20868 -8348 -43388 -31331 68718 -4761 5271 -20774 -29476 -35108 -26773 -20581 11621 -38509 -40244 -17516 3880 7785 -27488 26283 6550 -16646 10878 7347 23767 -13765 -38030 -32689 -27965 7486 30053 -58169 -46400 69739 2439 42899 -13371 -27899 -56516 -60331 -6870 -17018 21347 8571 56394 77307 -60226 48673 
-43152 584 -97451 43351 -18128 61431 29504 -25740 -35610 36116 -2039 37922 -39963 -5999 84224 -34976 -43074 8873 -48469 -5936 -36615 48764 28649 60933 59770 27221 -51578 45094 31504 55350 20758 -35536 -22463 70757 21498 -45356 -38926 -58088 -34584 -19179 33764 8281 5909 41399 -33193 67940 8281 36405 -381 14627 -8880 30830 -20394 64684 37166 -27434 59634 -8482 63964 14783 -422 -28157 9076 -15685 
-51373 -42548 -10901 40877 18857 54136 31870 -3738 -64305 -47442 36483 -4122 -5906 -9331 16598 -10996 -35867 11762 27959 15873 49484 -31410 82785 35164 -24849 23642 -14813 -87452 -13187 61931 -24827 19231 -28655 94800 22258 -40956 75414 -36191 15907 -21363 20131 -4092 -12210 61300 32934 13175 -17948 48195 -74912 -7471 -117396 5879 -11450 -92222 -773 53015 57439 9748 -6536 33897 73169 -23298 -45415 56760 
84437 34522 447 -23920 -46889 -109776 46266 41950 16712 46320 27508 -69074 54945 41630 11175 4328 80661 -33330 45786 12196 -9057 -64052 29607 -35710 -53086 -18866 52733 13152 -78901 36420 49979 75530 29720 -34419 -53430 31985 57726 -18738 2664 -24049 13158 75199 1907 -21791 -37025 -77370 -6163 -47787 20509 -49178 4430 43507 -6849 -15051 -47931 -18709 -144430 35276 33184 3001 8277 86198 16978 45046 
11914 -27669 -86239 47562 -24406 -27778 -106097 -37552 1864 -4467 -35152 -62049 12256 12387 51349 -76806 30331 5521 50880 -1903 3327 55157 41127 21189 25901 61746 2147 63236 -34883 6491 24176 76368 5528 33455 -20994 102295 4920 10053 -50093 52999 -68868 17621 60941 41495 -119550 33995 37227 -40702 6470 32034 -9607 -14958 -10025 -41116 26048 -65612 -81762 14373 793 15142 -82150 -32472 -15282 24324 
35960 17074 139732 -106268 19415 -21324 -16567 -39129 40189 -66937 3192 -14024 11630 24410 8038 -12253 -31366 41599 36999 -80221 3544 -15786 16316 28874 -96853 32962 79602 -64006 52480 49507 3627 -8824 -43598 -90080 -63837 28049 10647 -7866 -14075 -41347 45778 30983 -104344 9665 81424 -52520 73849 46305 -61479 10857 159793 -10320 -18230 81131 -102279 24218 8620 -7572 -34443 -106519 30571 -10146 53464 6371 
17401 -68990 40846 -40061 9880 -10181 -19540 102643 -13259 -26929 8196 71350 -27115 16338 88544 -64667 -5845 -95139 -43846 88688 66832 23353 38703 8606 -86605 -2574 35175 40139 2250 -33190 12612 -9386 17832 -41812 -14947 8912 43174 -8036 -21533 -31499 -25871 4968 -39037 -29843 -49052 -42178 -71607 -24555 -137893 -16002 59570 30910 -38369 -34010 -111309 -47786 31316 -1346 -34129 58684 -51117 -33020 35961 -21181 
31902 -85194 44036 70122 23715 16119 -58587 -31526 -57638 -92679 -93954 -52405 50462 21857 -50178 -11786 -69800 7041 -90981 32699 40888 -22402 -19353 -42503 39113 -57460 -30618 -45844 68898 -66679 -51344 -13955 -27929 34262 -67920 -20367 -19847 8252 10499 -56865 30288 27940 -19621 37316 -26747 28004 33498 32649 11848 -23581 -5582 -1625 -35002 -28651 -27473 77166 31342 -20346 -43046 56520 -15014 -20033 -31919 1753 
40165 -6854 -55496 -610 4155 24953 137193 51913 -16402 121252 45762 3469 -192 -79 -8540 -6701 -4077 -27321 -17999 94614 -34973 8505 -16512 -6789 46685 -16409 -11782 26153 -1541 -28960 -46879 -24235 47127 -125379 10183 -90914 -37134 -25563 -614 -54651 65838 16286 -3775 -88464 22665 -2087 -33877 -17343 25394 16199 -30631 11502 32451 78497 -20777 -38452 -56250 2817 33839 -16511 12943 109679 62310 10461 
44837 74550 -47369 -49252 -19902 139 61563 93903 3305 8287 11632 -41414 34358 17767 -13559 -12375 56821 -8146 109003 36116 21521 -65465 -18462 -51378 -7033 -35086 5147 -5582 -35528 -4848 48587 69014 6699 -58898 -22773 -26954 13888 -72509 14048 -8236 9835 65727 -99924 -14534 -16068 -102581 -21803 -7297 34253 -66938 -56871 476 24874 54142 -20407 8909 -49560 12528 37326 -31319 37631 81138 81210 -59509 
-20610 29449 -44208 -70328 105753 23889 -28798 -95174 -3712 -57018 -35799 -6629 70113 -15346 77045 -6564 23388 29911 31261 -13752 35203 -69292 -61390 -35815 -31060 -72847 -58560 -44926 41704 -22366 -6107 -30355 -23241 3046 -51718 -16268 25775 -67977 -44269 -10151 4920 11305 -73751 -46576 -46623 -30276 25002 5937 53000 -31466 87657 66158 18188 -12538 83059 50101 33526 -6027 4427 -36626 -92274 55964 34037 -41660 
27737 -11182 -56992 -64358 -30094 -7779 16072 24501 -21063 46005 45483 -30414 -49070 -9239 26241 -72240 -38188 42091 36526 3337 23239 56282 29865 34854 34080 -5446 54223 56990 47482 9228 37390 84455 41801 -49010 -59721 -107120 43309 49191 42677 37634 -28388 63330 -12491 -4359 -6100 2043 -13422 -42325 1845 -19610 -65645 1551 56539 25152 -771 -6694 -84253 -16780 -4551 -7328 78455 -60004 -12843 -58934 
-12119 70291 -92073 -51677 -38411 -63241 -28524 50166 55323 23121 85394 -232 3638 -60630 18972 -48930 -2070 -54516 50622 19507 6614 -49092 21387 -50044 -61644 41154 30133 -393 -67629 37537 -9317 91370 12498 47029 27208 -53172 10981 -28066 -33749 93024 -14042 58283 -9140 26487 -15300 -3713 -86723 8340 3333 -27378 19248 31801 22125 -69301 42129 -24240 11723 -76985 -12715 7974 -47851 -19520 -5224 -108906 
-17504 -25451 -46854 60450 58364 35685 -31282 -43374 77598 3850 -20038 48351 -36746 68359 -53699 34610 -32775 62185 17619 -51022 49666 43533 -2897 16573 23506 2244 -18051 -5947 74669 8195 -67555 -38527 -51224 -27617 -23876 -34183 -53456 -2806 51757 33493 -9164 -20698 18330 38155 -24861 116309 95590 -51263 35454 -38480 -46404 28125 -2192 -2276 -11589 10081 -4947 -18921 20846 7546 -65795 -43933 -3182 31368 
87822 -35343 34211 -12117 25118 -68522 37848 -29935 -53011 -7653 -2718 -29305 -76750 -11848 23911 -43427 57509 -18982 -62455 66292 67799 -50920 -57630 6647 -83207 -23243 -429 -12152 13143 41768 23816 -57349 2575 -18644 -8365 -30323 -43432 26258 14002 -13351 71470 21948 6196 34619 -5995 12072 -31851 -42384 -65717 -2931 30635 -5612 29007 89255 54334 -72552 71837 -37222 889 3778 -90005 27466 152311 36159 
-3891 60602 -73556 22468 -36768 -5449 17287 26943 31153 -14962 46410 11508 -14309 -92096 -14648 -64379 93050 32620 -27597 53706 -14800 94528 -15648 58679 -18829 31845 -47663 6865 66227 19116 43097 -23338 -7832 -93839 22560 -46 -54385 15295 -30456 29770 44460 -119814 -48816 14864 16977 25416 -31446 -26451 -8896 23719 28860 8764 569 98034 65456 -110507 70808 -59156 37589 -42771 -19122 17122 49813 58150 
37706 104097 12135 -53860 21408 -25802 -22090 -73932 63332 -18196 9505 54983 -6336 45638 38910 34873 -8080 -21270 39637 -64307 -11083 5610 -85975 4712 31481 27889 48992 -24194 -59660 45294 13377 22796 -61632 -47054 -8842 -5216 14951 9870 11985 35334 -13308 95995 5684 17511 28661 -26314 3130 6128 44442 -15136 8404 9901 70382 2940 17401 24990 -36439 64943 1867 22142 -44008 -41554 -19908 52238 
112508 -39619 79391 61862 58513 -10598 40454 16896 -3008 -51368 -64909 18683 48161 5503 -40050 -9511 -11375 -18454 6559 -11523 -25362 -9246 -24933 15146 60598 12687 115587 -64873 -34947 -50328 -10958 68189 58364 -41084 -7293 -33015 17666 24591 32164 -121166 -46472 35441 24573 360 79661 -111135 -30234 74643 23764 -3834 896 -228 26809 29982 -10563 145286 -69691 52661 -46134 21698 14723 183 -51983 2712 
-34724 81840 -48572 10297 17566 -73776 -64184 58318 -37657 -79754 -30735 19017 -17910 33610 -20404 -13612 29637 75289 -36957 -962 -9905 24402 4554 -1316 -14250 25777 42021 -35926 38117 -63402 39663 51330 -65630 35932 67 -19227 -51733 50367 11952 -50018 34134 -24702 11782 65872 48526 47726 -56517 26705 140432 29254 -7907 -54614 7066 -14431 65876 19952 35180 8094 16344 -63241 -62744 -42478 -10728 11160 
51987 -50879 95702 3868 17707 68310 -52614 -70626 340 28221 -44598 67129 -39185 37170 21234 21905 -12222 -8169 -9015 -13614 -23013 -24996 -33193 79598 -4096 10743 14469 11000 41701 8614 -6794 -8932 -35063 -54437 -12013 23068 132 12675 -111992 -29395 -36162 52836 -32896 -72831 39480 -39868 -8717 53370 -16469 -34461 851 7328 -5273 44482 -65732 -5137 17734 7182 -74459 13887 -29930 17526 39223 -15189 
16030 9241 3459 5125 -27445 -112368 -78500 -66066 14808 -65151 -25102 -52848 8555 -3487 -25698 -16965 13782 16886 5107 -18716 28109 26900 -33734 -68481 9566 -62551 30393 -56326 80145 -13643 56898 7209 -15209 49278 -77999 32235 105496 27773 -4406 29279 -122 21848 -39881 3928 31048 -14766 -20486 -64045 40130 34994 21141 48850 -15836 -71491 -38837 -7249 30452 29894 -68179 -51249 8609 477 15707 37266 
37976 35590 -51454 69535 -20 -6557 2437 -48162 26606 2491 43912 -12285 -22528 -35147 43148 -42391 871 -8506 17233 2072 54373 -4353 19599 59903 -8199 39834 -72297 -35496 -1749 79659 -49783 -37793 -24827 10880 -52871 6148 2018 -8868 23079 49408 18282 -76289 -37228 -38237 -97038 50053 35894 -82355 -99648 51775 6295 64090 4101 45420 4899 -37011 -10408 36390 41380 27509 -22146 -19452 -77909 64521 
22108 -77494 2732 764 -15435 56033 -21020 -50095 -38457 -76233 93125 -86512 64782 -39511 -37081 -15360 -5006 20365 21683 26354 46990 1895 63763 -43777 45229 6560 2751 13648 40426 -19105 -85462 -74051 -28258 -24920 -54008 4404 31408 -8796 45953 -3598 -45584 -15177 24404 24981 2039 72734 118805 46260 -4862 -59756 -466 23099 -43899 -14294 -65211 43450 911 -13162 -76990 71464 1364 -51859 7818 -85028 
-20918 -11424 -33019 21734 46639 16741 -15628 37859 13790 54125 10422 -20302 30613 86088 32740 13684 -61504 -52817 60684 -10232 25603 -51299 8959 -23096 -43641 -14985 -47342 62246 29158 -17101 -84593 -17048 -18771 431 49722 -21345 -11444 -78014 -53534 78971 35517 13066 -7323 43846 -112014 30291 37776 -62015 -14376 30470 -66541 -39316 14141 -304 19406 -60760 -94512 -53644 27406 9198 -20506 -1512 45450 37595 
43329 51410 -77107 -2557 -56936 -33411 -51215 119710 -2540 95616 85234 60136 -20907 33077 -17326 29122 8311 516 23741 -55909 -33983 60930 46653 47828 19021 58523 3632 -44101 45851 -10988 57502 -39848 -27770 -47847 25495 -36825 67890 14890 -28486 -8926 40163 18127 -26039 45100 -40656 20335 -24101 -61066 86375 -92851 66608 35197 -183 14910 28260 -107528 43106 -43770 13806 -46673 -29203 18559 -28749 -33326 
-513 -35449 65858 1168 -3328 22112 27630 -48993 30525 -22986 -35589 -31524 9520 9948 33036 -55365 -24536 51839 16473 -39018 51322 66520 -14229 12516 -446 -3342 -15227 74325 -10508 24466 57125 14169 -17812 21505 -59010 1202 -2869 59791 406 -17078 2367 -49565 -74302 -32732 -26174 -26838 4379 11372 -76058 16528 -36179 -20426 11995 -46608 -30058 -370 -36583 24184 -22962 81633 78481 37793 -50360 -7494 
-35192 45789 -4692 -68906 -60133 -53652 -29173 1587 74366 61468 -10721 -39425 -46149 28640 -44759 -19252 -12890 -6373 78262 -95812 19280 -34098 39675 7952 -56667 -10656 19822 -4089 -36186 50783 4797 57045 -3709 4023 -4138 -35208 -18119 17889 8610 105335 16251 65409 -37416 -17109 29452 36031 -21246 -49336 6642 -15894 -37667 -20780 44012 -50731 21617 -5644 -49050 -3151 20336 -20022 53348 -43204 -53839 -10063 
-32769 40886 -5006 -41919 -10880 40592 -16667 44626 25765 43683 46395 5450 -41831 55173 -16584 69111 39126 -15193 -34616 -12747 -6808 -35958 35537 31544 -30601 -43902 -19418 -103745 7228 8287 -7491 -128399 -63507 -74580 -1687 23213 17962 -13360 -7214 47285 73973 -45075 -59129 -44140 -6766 69716 -26627 -76701 37132 9075 49313 47802 -64429 8653 -6639 7041 36983 51111 2194 -37149 -23251 -7340 3434 18902 
-8582 58106 10409 14663 -18346 -5811 -17531 -23735 29409 69000 -35529 -64850 58397 76962 -112962 80581 -49560 -28487 12958 -17016 -37980 -22755 11433 -3007 6839 -15052 -64406 -36677 65562 10071 24413 -57108 -30968 -22379 38483 4255 52366 27080 -40033 -15779 24339 7079 -12071 24171 57343 -23615 29067 -58955 52027 4429 -29413 -52435 -10715 -69822 -9952 -44942 16309 8507 -24104 -50416 49895 -14305 23493 50462 
53380 6189 -24628 -92939 97720 -38350 13470 -62589 -42394 34660 85444 23812 -28924 79360 -37773 21810 -1475 -68331 -44331 76813 50850 -96732 3000 15763 45625 -60422 29496 -5221 8556 -37122 -12525 -60500 50830 -39946 -10118 18237 -7881 -7988 54980 -13883 2370 30615 82596 -36385 26374 -16831 -24807 -35195 78319 -13675 -26856 31608 27645 -43604 -55049 18202 -58734 29913 25675 -8383 -59130 31207 77568 34330 
41232 -39278 -65856 -6062 61636 22116 33717 597 35730 104143 50171 88615 -60612 -39512 -24713 31661 -13685 -33364 87797 27217 48086 96521 -1809 42235 62573 24290 1699 -22835 -20053 -26337 -25605 43749 64812 4453 52489 -30938 126097 -24736 21203 -2989 29620 42842 112113 -13014 -47448 -34009 -53780 -45346 -14414 -18889 -4482 -38994 46317 33660 -269 -25063 -39407 -38133 42073 -45435 -58014 46893 -11847 12337 
55329 -26284 41669 -93368 55204 13437 -52797 -29974 -19243 -19673 15145 7795 -33142 -40498 57246 15601 -11055 38 -37185 -28940 11504 32251 -19558 47514 23580 33859 64670 -101615 -7469 16320 49294 -16059 13462 26943 22192 18326 -32326 9147 59411 13575 1994 9328 -9481 -1111 49177 -26886 -6639 35213 -34591 23543 74874 24143 -8110 -16945 -55317 18660 68389 -28194 -75946 -48630 -44667 29281 45055 -15895 
-14669 24591 32253 -6645 -39452 37206 35436 -51764 38004 8416 23449 18601 -71594 19215 32188 -32197 -22417 4252 35196 31889 35430 -32547 -23122 32304 5755 43809 15986 52424 48375 23918 -76540 -37241 -61502 -1446 531 -20613 6376 105127 -10303 34940 -41909 -62767 -13931 9595 -11960 2580 17637 19211 -21926 -2439 -21141 -20620 40578 17330 27523 6137 56266 -60451 -6573 6633 14644 -49829 41113 -37273 
48725 -45909 -9986 -34410 15764 -39039 2620 13589 58356 46693 -77148 14017 -42079 55840 31407 10480 -33483 1364 67583 16915 64453 -39025 -48049 -6593 -140976 53639 12776 102224 5209 65001 40509 -4344 49296 5688 63247 25428 -42189 -10939 -10723 -30699 -50140 -13688 1271 69494 -116515 -50391 35851 19474 -82082 -21217 12928 -5036 1881 52749 50823 -43089 33155 -101265 40865 32462 -31981 8102 76367 -42990 
17820 -70074 78840 51942 -20197 7886 74963 -20307 -55280 26391 7638 -15701 -20559 -6069 -14527 10562 -22011 -23832 -59587 28010 -35324 -17732 18878 16955 -18218 20988 -13679 40575 8804 16955 -20579 -88953 -31368 -63113 -12069 21634 20185 -28900 -51692 -24311 26786 -18016 72152 -37968 14884 40624 9625 -8039 -7508 -12710 5262 9638 -51361 93905 15948 -971 6580 -10155 -6613 -11648 95618 -33816 -7741 -21686 
-45536 63228 -72179 20956 35363 -2950 -86171 -68837 -31056 33860 3903 -56275 -14057 -60006 11846 -60195 79314 557 58985 -29415 26394 26692 72873 34106 -63555 -37634 -92253 -23790 18708 14962 7538 -66838 -15735 55783 10896 6775 21957 -33869 -74764 95128 24069 25807 4520 9461 -76614 73146 10816 -63280 86596 37006 42754 77839 -40254 -37657 47641 -30088 50684 -23596 -10317 -94538 -28661 29584 26775 -30196 
36926 -22969 14527 -23324 -3704 21212 -35375 17149 46426 -117 73418 67571 24549 -15513 -41917 61035 -45892 65575 -2123 -42257 36529 10666 -37946 59176 66660 58674 -17102 -8044 -3733 -29619 33683 -42803 -37277 -53677 11053 21626 -25097 -22932 -15470 18874 46924 6251 -28245 -62803 28282 42813 -48802 2344 54471 10654 6784 -364 13701 38426 -59314 -50201 13054 -52810 -98016 1641 26713 -12638 41330 -66941 
54298 21721 -38851 -31370 -8865 1367 -66054 91334 -8588 19914 84842 48374 -35717 -10998 41590 21248 20101 36389 11757 -55384 -23578 1212 11474 57432 24006 33149 45997 20101 -3269 1971 22905 16347 -39663 117423 96272 -14843 -5947 17410 -28159 -4335 63613 122265 6720 114917 1253 25416 -57753 43292 42139 33270 -7205 -11748 71786 24083 71540 -57492 130885 -48392 13178 -6852 -41720 -17955 1103 -37508 
33717 -3617 -11919 -32280 11508 44648 39571 18802 -54456 20678 -38479 45206 -40484 -11350 38601 601 32185 18997 -13032 69739 -21772 -73142 -8457 55727 -63866 -69194 -37787 -29815 4396 -2294 45497 -21483 87195 -35136 -13436 34045 -12134 -79152 -9619 -108424 21969 -51489 -32644 -95776 9371 -87496 -39567 44762 10773 74102 95715 26746 19227 -61197 -48311 34511 -46684 -12471 22395 34953 -21600 52643 40380 6023 
33838 32539 63070 1023 6052 19860 4212 -17078 -3517 70884 116356 20068 37671 25476 -72684 64416 -13312 -61452 -2635 1340 19224 -27059 9347 -15567 69332 34035 -21213 5882 -10798 13793 -20450 -127701 -42416 -23673 63511 72610 91002 15373 1714 5144 60736 61415 8113 -17152 -4102 -16388 -32429 -3737 113571 16454 22100 52814 -1240 30684 -79627 -25736 -51013 -23049 -45371 61828 72688 -37494 27461 2854 
27202 -80108 61460 -19361 7206 -93969 28400 -16202 17147 21728 -54683 -18578 -112105 -2418 23491 25530 -30715 13525 -29495 28068 -2914 88753 -32677 4146 -42436 87581 -44265 -10695 32003 -11559 26706 11750 -34298 -17070 -39227 3014 3548 47961 44914 -5030 15588 -69133 -7952 -107078 -6531 -67902 -4566 -27655 -52998 -18249 17852 -22184 23921 60628 -30924 -7631 2988 64084 -27968 -23038 -13949 28034 4563 50608 
38841 59086 14807 -1304 -1057 -9118 40190 30177 16686 68660 -40127 -28010 -17278 41153 -17832 -52628 42711 -39686 30712 -71518 -352 -16854 58773 40739 -35920 -28333 1626 -13462 35121 14525 -27717 -38088 -19589 23552 -29013 24309 16974 36326 -25627 -14865 66945 83388 -41983 -4787 -20251 -72517 -18721 -13839 28655 -10087 46690 39819 -12506 1568 -21211 27080 -59319 15027 -422 -42387 55181 10160 60700 99933 
48334 -107867 -6768 -42466 8836 88425 7933 12202 -70930 -14395 22727 -24598 -84478 -49300 -40323 73901 -21144 -24333 -95269 101619 -14880 28919 11528 -53778 64445 -23112 -111465 73469 -24595 1625 -47981 -42932 46999 -13924 67887 -57851 -15897 -79852 50616 33118 48850 48977 28455 20504 -58936 -22056 -10661 -30571 6037 -32231 -38547 -31363 16298 43145 -19508 -8743 108574 -19940 -21036 86899 -21298 -39128 54822 -70449 
58686 -19035 -58953 10881 -2803 -82236 10596 53577 -51062 65478 38391 -849 -56253 35017 -18989 23896 25904 -38955 -12806 125273 80578 5079 -48254 -7568 -19739 -19712 23639 -10578 49283 46748 50502 -75770 33027 -4438 1570 -29578 12175 -37545 45452 14351 45584 5649 85824 25129 10879 -14499 -57893 -6753 31933 -9916 5914 54643 34415 -54029 -913 -49424 -3368 -17601 41091 20194 -83347 -12422 101767 90650 
-78127 15268 -22047 34655 39881 -2382 19593 -8120 -15250 5464 13733 30897 -10333 -83085 33480 24718 7131 44399 -76149 -51387 -13561 70653 -33365 -3282 79668 68643 22777 -54335 7279 -15101 7578 -8183 -5318 18022 -4165 -24911 -14616 -37644 55212 15454 59824 -64384 -2950 -80745 26239 41236 -66261 51200 84856 61075 -59630 -3158 -11616 9688 39655 56533 -18413 29446 -41962 -39920 66107 -83741 -56508 97131 
-3054 21424 22566 20712 -56486 -23977 16848 -61243 26093 30633 77819 -59667 -16378 -11381 -10995 29413 4298 29426 -6987 19159 38166 -89193 10492 -3375 -7521 4753 -56101 -11569 -37535 86961 14464 -84193 -15114 -12146 -81427 -16808 -5198 -21816 13042 92234 87867 -41238 -1157 -5095 22222 85850 29654 -5305 -6143 -17427 38850 -58363 1400 24081 48113 -26928 -14124 -1222 40978 -27822 -28906 -46916 67288 -1945 
2329 11901 -4034 -78098 39352 -9160 -12233 22791 -28476 -4734 18660 57772 -28121 15129 24077 37029 -54894 5216 362 -30046 -2318 43714 382 62278 45923 33940 50273 10101 5631 18927 12781 38823 -79489 40744 29687 -8881 20048 -5276 -53170 -70713 -2661 176212 56607 56590 57149 33430 -51344 24648 90626 -20618 -38421 -4942 14067 -10718 -69733 -64214 86276 39591 -12422 -24568 -24745 5021 8653 -50427 
-57613 -25048 132963 17057 -9089 69251 -58096 -39717 43189 -15450 -20338 642 -4202 -38569 -95060 -74491 11823 17845 10529 -33043 96104 21128 -22256 -20423 -60304 3676 -2430 -80331 -6186 -42658 -37526 -7830 -9490 -56494 -52394 37586 21197 7549 -7990 39879 7828 -34594 -9250 -15510 17105 4426 25411 52423 -44199 -68888 15043 -17821 3702 -28261 -32510 38597 -10573 -99520 -25670 14631 65782 13350 -82388 -49566 
39885 -13080 -22693 33202 -36958 -42850 44384 -17840 -7149 -26939 -43151 -169907 91278 19267 6518 7500 8911 -71476 38228 -29954 -19767 -18023 10896 -73241 -45670 -17096 24362 -26737 -74464 67175 -16693 14927 -654 -128 -14410 -32364 79863 559 -34821 -24272 -47825 32576 59524 94175 11111 -10397 34516 2415 -59261 -20076 33679 12246 -7624 -46811 53613 12667 -79315 -15325 56235 81014 15579 78790 53383 598 
39505 -35233 -2815 -2454 11009 14871 -49992 -628 484 37069 93322 43316 -68575 -35322 -72733 87913 35338 -3617 60186 51134 69952 21672 -57137 88207 65671 27892 -14352 -12814 43991 10862 96496 -4207 32150 -3885 20657 3992 54623 -6383 -6365 38204 -2238 80015 16315 22244 54208 -9349 -47616 76971 98539 -69071 -42892 -26165 -12627 48632 -4185 3202 23614 -69920 -22440 17386 -3771 8063 35330 -29777 
81671 -31736 2356 -16375 44449 -38197 -17044 -40008 -18717 -2512 26722 145032 -60612 22094 19470 5050 -37742 35382 -11296 -13857 -17785 11722 -28570 66724 34632 -32015 4430 12664 44023 -19078 26488 29589 22055 -18242 49909 9871 69303 -7916 33142 -56179 -24668 4592 46208 -1251 -22140 31784 19087 -44931 4354 -8119 -53452 -44571 107691 -8067 -17073 -103688 37133 13446 -27814 24693 -42188 -14876 -3905 21061 
4308 -9603 59322 -22933 39338 25856 17808 -69041 4866 -79213 38837 -76478 38153 26357 17917 -17496 21535 6948 -46201 78470 31955 -30778 40749 -8989 21011 -7638 28571 15471 -29102 43926 11480 -39902 -50151 62504 72950 5476 -56774 30471 -6407 -16659 -80363 48878 32768 51915 6016 72450 37017 12600 -44128 -22069 -40486 69928 -10624 23733 -2527 -1621 80111 4583 4389 33382 -2153 33899 28820 -67469 
