  109  -12   -4    3  -90   36   75   18  -24  -62  -79  -19  118  127 -113   71   68   97   45   12   -3   80  -58 -113   69  124  -91   55   16   24  113  126   12  109 -127  -78 -111  -52  -59  121 -114  118  102    5  -10  -11   76   58   87  122   70   84  -54   12  -29   15 -119 -120   70 -103  -96  -73   23  -84
   37 -103   95  -74  101   36   48  -12 -102 -106   -7 -112 -116   69  -54  -29  -65   16   55 -118   29   27 -103  -90  -93  -32   63   68 -105   87  -16  -68  -16   79  115   85  115  -93   73   14   57   66  -98  -59 -120  105  -88   71  121  -32  -47 -106   -5  107   60  -98   75  124  -30  -30  -45  -45  -97  -61
   34   18   24 -106  -75   98  -92  -18  -92   66  -76   44  -85   92  116   37   60   69  -69   55  -80   -8  -42   -5  116  -72  -34   71 -117  125   10  -82 -113   34   68   68 -124  -24   50   41   42  -26   85  -42   67  -55   -5  127   15  -74  -73  -65  -82 -115  -69   34   69 -103  105  -47   22  115  127  -91
 -106  -61  -23   26  -85   27   67  -43    2 -103  -85   69   98  -90  -60  113   93  123   49   11    8  -20   46   78 -123 -105   31 -101   11  -98   64  -95   97   41  -69   12   68   -1  -31   70 -104 -115 -117   -6   51   80  108 -112  -53  -99 -100  -44 -119  -54   34   14   97   65  -87  108  -33  -23   13   64
   18  -55   76   86  -56   45  -99   96  -70   40   90  -18  120  -58  126   68   99   26   24  -20  -28   58   -6   70  123  -93  -78   90 -116  -64 -102  -98 -119  -26  -11   81   19 -110  -79  -50  -70   11  -68   51  -46   58  119   53   85 -113   34   57  -55   28  127   68  -64   50  -98   76  -14   56  -21  123
   30  -32  -52   49  114  125   -1   44 -120  -69   95   90  -10  -42 -112   75  101  -78 -124   46  -50    4  114 -114   54   16  -37   40   72  -58  -93  102  -90  111 -104   24  -20 -105   68  116   83  -92  -49   73  122   95 -108  -32   17   24   14  -33   28 -127  110   82 -111   73  122  -38   15   29   64  -75
 -116  -40  -51  120  112   17  -19  -61  -75  -68   12   48   27  -96   16   44  -72   30   11  -43  -97  121   39   49  -62  -94   11  -47  -65   75 -122   76   36   83  -60 -108  101  -79   87   26  109   99   74 -120    3   90  -76  -69  121  -64 -112   24   57  -72   73   -4   90   84  -51   25  -96   84  101  -60
  -89   42   88   12  -37  -81   39   73   18  113  -47   21  -52 -122  -48   69   70   97   93  127   25  -89  123  115   -5   73 -116 -101  -99  -14   95   68   28  -73   81   -9  102  120   64  120  -23   18 -115  -75 -104   94   -6  -34  -65   88   93  -40   -1  -39   75   -6   34  -41 -106  -65  -55  -11    3  -27
  -83   84  -35   19  -52   29 -116  -74   47   25  107  -57  119  102  -91   54  -66    3   14  -67  -36   89  -73   -2   49   77  -67   -6   67  -64  -32  -16   21  -67    3  -31  -38 -113 -105   10  -87    3  -47   32  105  119   87   39  122  101  -28   86  -65 -101   84  -16  -23   17  -22   44  -47  -54   28  -26
 -121   31  -56   98  -81   95  108   88   98   61  120  -53  -76  -49  -14   46   53  -42 -124  -12  114  -40  -28   91  -23  -50 -121  -69 -103  -93  -95   32  -62  105 -126  113  -55  -18  -55   43   44   66   -9  -32   17  -23   15   70  -64 -109   58   50  108   30 -115   85  -19   20   16 -122  -73  -78  -90  121
   27   41  -21  -28   23  -76   16   67  -10    7   36    8  -16   51   78  -80  -58 -119  -30   50  -89  111 -120 -108 -125 -104   26   58   74  -63  -76  102  -22  -97   74    1   83   90   69   74   97  105   82   82 -100  -96    2   98   41  -27 -107  -47   84   29  101  -40  -75 -128   18    0   65  -58  102   43
  101  -80   44  -71   11  113    3  108  -38   85  -66  118  -11  -63  -39   31  -90  110  -16   -6 -117   85  -46   64  -43  -27   64   22  -85  -90   65   17   87  110  -54   98  -33  -51  -50  -70   34 -115   48   23   78    9   54  -12  119   38  -18    2  124  -63   67   81  -90 -125  104   81   42  -87   98 -127
   23   44  -29   -9   -7  -79  -79   27   62  -31   51 -116  -21  105 -128   98 -112  111  101   12   48  -88   93  -42   43  -59   39   85  111 -118  -42 -122  -74  -71  125  -80  107   46  -53  -87   16   -2   54   -5  104  -74   93   -8   37  -62    4   85  106   97   43 -106   39   83  -21 -106  -35  -62   28 -109
  123 -102   67  -26  -56   15 -112  -40   13  -58  -45  117  124   49  109  -94  -13  113   -9   94  -45   35  -12   -6  118  -33 -112   83  -95  -84  -26   29   70   42    3   15   57 -109  -25   70   89  -69  -68  -42  -20   41  120  -33 -101  111   61  110 -110   49  104    8   17   -8   91  -78  -92   66  -49  -21
  108  -45   -6  -91  102  -31  -21  -64 -100  -89 -106 -120  -47   14  104  108  125  -91  -38   16  -41   66   24  -24   58  116 -102  -34  -74  106  -55   34   61  -61  -57  -93  -91  -78   99   65   90   -7  -54   43    7   50 -105 -123  -41  113 -107  -82  -77  -83 -106  -19   33   49  -53  -41 -101 -107   -7  -40
   88  -64  123   -3  115  -33   63  -51  -40    9   -8  -32   59 -113  101   18    0   -6  -63  -77  -89   87  -96  -55 -120  107  -96   35    0 -102   -5   89   90  119   86  -51   86 -107 -102   46  -98 -110   14  -39   33  115  -20   33  109  -83  -44   21    4  116  -34 -115  -32  126  -80  -32   24  -84   57  115
   35 -112   64  121   37  -37  -89  -60  109  -74  -99 -113   41 -119  -80 -105   54 -123  -84   59   -7 -118  -56  -39    8  120  -70   33   36  -13 -108   71 -125  -44  -64  -87  -81  104  109   29   30   10  -84   71 -108   92  -34  -54  -31 -118    5  -37   20  -51  -76   29   70  110   62  106   98  -46  -78  -27
  -90  114 -114   86  -38   -5  115   -8    6   31   64 -102  123   30  100   93  -87  106   56  -67   55  -20  -38  125   91   24  -24  -67  -22 -102  -94 -111   12   49  -25  -25   44   90  -33   50  121   31  -52  -12   62   49   81  -25 -101 -119  -92  -46  118  127   80  -47 -105   56 -114 -126  -46   48   19  -34
   97   -6  -59 -114   84  -91  -64  -51  -60 -115  -63    2  -66   19  -23   89 -100 -114   43   18   13  123  -29  -92  -77  113   38 -123  -94   57  100    3   51   41 -111 -121  -50   82   84 -109  -33   22 -107  -99   41  127  -10  -59   13   33  -40   26  -99  -69  -66   80   45  -27  -42  -49   30   58  -46   82
   99  100  -39   50  -74   46  -59 -107   68   90   50  109  -39   40   50  -26   73   10    0  -26  -58  -65   55  -13  -92   13  -62  -62   71 -108   20  -86   -8  -18  -36  -82   28  -95   67   96   -4  117  -51  -43  -99   -1  -68  -25   10  -68  -51  -48  123    4  -61   31   17 -123  -30   88   25  -10    3   18
  -28  -33  -64    0 -127    4   96  125  121   45   82   23   45   14   -2   55  -53  -53    7   70  -48  -54  102  -31   79   72   58  104   62   61  122   35   28   59   35  -99   63 -124   26  -72  -79  109  -49  -34  123  -51   21   70 -103   28 -115  105  -26  -13   74   53   59 -124  -98  121  -63   24 -100  -34
   83  -64  123 -110   68 -106   75  -11    3   26  -44  126  -24  -23  -59 -127    6   82  -22  -20   69   52   34 -128  -71  -64   -7  122  -40 -106   88   44   86  -44  -66 -102  106    9 -113  109   36   99  -21   12   77  -80 -115   83    2  119   63   71  -85   97  -57  100   33  -63  -33   -6   87   55   38  -83
   11  -28   71  117  -18  -42  -30   18   58  -50   30 -121  126  -85  -38 -127   34   25  -56  -51  123 -112   50 -100   81   17 -106  -88   72  -68   85   84  -95 -100  -55 -113  114  -84  -95  -84  122  -65   51   -8  106   13  121 -116   39   66   89  -94  -46 -117   62   35 -100  -43  -53  -27 -111   32   57   50
  -68    2  -63   46  -82   98  -37   40   33   14   33 -117   28 -102   23   67  -36  113  -27  -82   -4   35  -47 -103   -8 -100  126 -118  -68  -73  -68  120  -71  126  -89  104  -32 -126 -112    2 -112  -79 -115  -84   76  -91  -17   40   22  -44  -41   18   -8  -88  -85  -16   69   41  122    1  -32   55  122 -102
  -75   33    2 -107  -93 -110 -105   51   68   37  -32 -112  -54  -49  -72  -32  -92 -113  -14 -100   56  -98 -116  125  -57    7  126  -88   62   -8   66  -13   25   68 -120  -68  -42   32  -16   26   69  -48  -86   15  -97   99  -17   67  -14  -31  -33   42  127  108  -89   71  115   38  -17  -79   30   49  -92   56
  117   44  -12   75   76  -28  102 -111  -76   16  -96   84  115 -113 -105  102  113  119 -112  -16  -29   56   55   86   94   38    7  124   87  -85  -76  -52  -41  -87   24   36 -115  126  -75   66 -114   86 -106    2  -27   45  104   86  -92   -8   71 -121   48  126  -35 -114  -91  -28   11   -4 -113  -65  -55  103
  104  -31 -117  -10   95   64   56  -19 -106  -50  -17  124   -5   87  -46  -96   80   25   39 -128 -104    5   15   61  -23   26   57  121  -39    2  -32   66  -29  107   56   66  -85  112   48   66   62   31  -66   57  119 -112  -39  -57  -86    1   71   66    6   86  127  -17  112  -72  104   74  -69   72 -116  -98
  -77  -60  -31   95   52   17  -95  114   48   95  -85  -89  -17 -123  110 -103 -122  -74  -37 -116   12   90  123  125   19  -28  -57  -50   44   83  108  -32   23   77   63   75   94  -32  -67 -113   63  104   54   46  -19  -91  -56  115   91  -93   -1  103   -2  123  -28   17   95  -85  -33 -117   -2   75  107   21
 -103  -86   96   -9 -118   29 -122  -55 -122  -67   -8  115   98  -64  -25  -67   99  -26   36   97   97    9  114  -64  -76   81   76  -77  -99  -73  -56   54   98   41   45  -20   70  -76  -74  -52  113  -82   64  -45  110   39 -112  -47   13  -76   51  111  -67  -91   47  114   -9  123   37 -108   51  -19  -54 -107
   22   -9 -127   93  -85   55   41   28  -27  105  -17   83 -112  127   37  -98   52   88   13  -15   -3   60   99  -12  -72 -120 -120  -21  118   82 -128 -116   74    1  -23  -11   57   19   18   30  124    1  114   13 -127 -105  -85  -75  -17  -72  -90  -20  -12   10  -31  -84 -110  105 -105    8  -68   23 -107    6
   25  126   -5   82 -111   13  112   14   15  -30   27 -112  121  -58   69  104  126  -21   85  114  -11   54   31 -120  -97  -74 -112   91  -50   37   97  -25  -92   93   57   53  106  -87   67  121 -116   94    9    5   36   78  110  -94   58  -61   21   47   -7   52  -73 -104  -22   72  -12  -72  109   85  -97   17
  -78  -40   71   29 -126 -118 -106   14  -23  -96   19   13  -18 -127  -80   40   68  -59   88   61   -7   15  -42  -29   87  -54 -100  -59   31   59  -42  -46   20   29  -17 -106  -88 -123  -92 -111   37  -73  -98   20   57   78   60  125   19 -108  -69   12  -92 -111  -16   -5   91 -116  -64  122  -57 -105   76  -37
  -76   59  113   92  -63   21  -19  -26  -51 -116   -6    6  -38   55 -125  -18  -53   62   -6  111  -49  -22  107   42  118   43  -91   62  -62  -15   25  119   45 -117  -45  -18  -96  -63  -44  109   77  -49  115   39    6   -9   21  -47   53   16   65    5   -6  -84   47  113  -41  -44  -81 -102  -58  -56   17  -13
   83  -28  -31  -12  -91  -75   97  -14 -124  -43   26 -118  -52   47   92    1   63  -99    6   58   73   54  -85   32   10   90  -70  -48   34  -53  -61  118  -80  -92  106   85   90  -53   72  -34  -96   98  105  108 -111  -59  110  -47   98  116   11  -85  -86  -74  -53  -75   16 -122 -123   50   81   73  -88    1
  -19   18   87   71  -34  -97   38  126    1 -113  -21 -110   84   89   99  -74  -51  110   97  120   36   44   45   52  -78  -78  103    4   -5   15    5  -23   34   92   48    0   -5   86  126   -4  -27  105 -113   57  -62  -14  -17 -112   97   80    8 -123  125   53  -70   47  -25   33   51  -29   48   57  -52   82
 -107   -4   82 -111   83  -47 -115   56   58   28  114   -3   15   97 -115  112  -78 -107  -11   47  -54  -81   94  -79  -48 -110 -108    1  -53   96   83   96   93  -90  -15  -80  119  127  -24  -79 -101   90  -82  -86  -68   59   26  110  -48   16  -99 -102  -65   -5   76 -112 -115  -32 -111   88   65  -28  -71  -98
 -118  -86   78    1   41   54  -77  -59 -111   97  111   77  -99 -118  -69  109 -102   88    8   89   83   84  -23  -31   52  122   57  117   95  -14   19  -23  -99   97  -21  -58 -104  -98 -117   41   -1   -5  118 -100 -123   49   10   31 -119   18  120  -36  102   98  -67 -102  -36   -9   16   59  -23   35   37 -122
 -123   16   77   29  -82  -40   70  -83  -45  -68   74   88  -19   84  119  118  102  -16   82  -52   82   16  102   46    7  118  106  -16 -102 -113  119   31  -97  -60   60   77 -100 -126   -6  112   62   68  -56   43 -104   64  -95   -2   48  -13  -54 -126    3   49  -80   10  -89   26   -5   65  -87  114   96   72
   54 -100 -107  -46   30 -112   66   92  -44   11 -121  109   75   40  107  123   28   54   -3   31  103  -83   42   14  -56   37   80  113 -105  -80  -70  -51   77   79  -97  107  -33  -30  -56  -76  -19   79   33   56  120 -116  -77 -108  -62  -80  -77   41   93  -35   56   37    2 -120 -105 -103   56   81  102 -123
  -96    6  -15 -128  -24  -71   52  -43    8   85   13 -128  -31  -64   20  -92  112  -56  -51  -51  -91    5  -13  -88 -115 -118   65  -58  -37  -88   75  123  -82   60   -5 -106  -11   47  107   -2 -124  120  126  102   56 -109   10  -88   91  -41  117    0  -35  104  -88  106  -14  -22   48  -51 -110  124   73   64
  -72   68  -42  -82  116   65  -84   -8  -71   42   94  -15  -67  104 -103   24   64   14   25   29  119  -63 -121  105  -85  -72   55   61   52 -128  125  -20  -60   83 -102   56 -108   70   49   77  113 -113   62   46   -8  -41   71   56  -26   96   85   93   33  -36  -58  -51 -108   -3   10  -56  125 -120  -75   66
  -37   79  122  112 -106  -85  -67    7   59   -4   53   51  -45  124  107  -71  -36  -64   22   -2 -100  -35  -53   49  -38  -43   -7   88   93  -82 -102   57   -2   20  -87 -108  -64  102 -101   -5   98  -48   46   54   77 -103  -17   41   89    6   39  -11  -29  -14   38  -67  -56   32   21   37  -50  -81   94  -52
  -60    7   96 -124  110   -5  127  -48  -52  -83    6   25   70  -10   66  -97   -4  106 -108  -33   92  -69 -100   36  -37  -78   74  -87   97  -88  118   37  -80  -42  -87   30  -46   40  -18  -98  -43  -11  -73   27  -21   -7  -70  -25   99   79  -58  -64   10   98  -28  -27   20   46 -114  118  -41    4 -101 -121
  -37   69  -91  -83  109 -109   75   67 -120    2   94  115   -5   25   90   95  104   32   31  114 -125    3   87 -105   50  -27   13    9  -22  -87 -112  -59  -18   53  114   91  -56  -67  -98   81  -65   -3  -60  -70   22   31   25  126   63   56  -16  -62   60   71   90  110   44  103  119   22   16    7  -37   -2
   60   77   90    4   10   -8   85  -55  -11   26 -124   11   57  -99 -119  120  -42  121   59   18  -64 -107 -128  -19   -4   -9    3   13   -2  -33   11   58   44  101   62   55   94 -108    0   83  -82 -124   95  -25   34  -24   95   -8   98 -102   10   34   47 -118   15   44 -127   19   57  127  -14   68  -71   30
  -86   -9   85    8 -117   86   91   57  -38  -70   32   -4  -93 -128  -12    5   26   -2   39   74 -120   55  118    9   74  -81 -120   60  -13   65   90  -99   57  -80  -91  -60    6    1   -2  -32  -69   30  -35   94  -98  -47   99  -71  -48 -117    3   88  -62  121   98   12   40  -22   72   27   44  -94  -71  101
   82   94   41   88   95   39   57   27   70   22  121  -28  -25  -35  -99  -73  104  -96   16   42   25  114   54   65   92  126   93 -120   32   22  -19  115  116   23  -53  -44   62    4  -17 -124   26  104  105    2   69    6  -71  -83  -89  -55  -41  -64   59   13    2 -104 -117   95   32  -84  117   14   31  -23
   37  -22  -67   99  -17  -84  -24    9   21   81   11   90   87  -59    8   -2 -114  -33  -65  -54  -19  -63   98  120   32 -126   36 -107 -112   67  126  -75   46   60   25   29  -24    1   38   -3   82   50   88  -87   -9   96  -88 -123   63  103   79   44   40  -79  -91   72   52  -55  -35  -60   13   91  122   59
 -105 -109   88 -128 -108  126  125  -26  -80  -43 -113  -89   53   55   45  117  -98  124  -95  -58   46   70   14   98   16  -21   38   29   71  -96   88  -34   51  -80   94  -57   46  -36  -83  -33  -79   61 -122  -25  116  -77   92   19   48   -3  -39   94   68  -24  -64   84  -45  -26  113   26 -121  -55   -7  -70
  121   87 -126  -89   51   47 -122  -27  108   13  -52  -31  -64   40  -12  -16   37  -51   78  105  -75   14  -67 -119  -11   46  -93  124   -9 -100   54  112  -12  -72   24   39  -24  -98   12   84  -85  -40   53  108    0   41   92   38   -9  -85 -113  -84  -71   77   53  -82  123  -39   42  115  117   97  -29  105
   25   -5 -111    1 -102  -99   86   69  118 -117  -79  118  -75   14 -100  -84  -71   44   88  114  121 -114   33  -12  103   75  103  -36  -84   75   70  -58   70  -41  -57  -32  116   29   38  -22  -87  -41   97   94  -27   -3   10  -98   41   98   17  -94  -16   50 -105   87  125   -2   52   42   73  122  -16 -112
   81  -73  112  -59  -43 -106  -80  126  110   17  -36   83   14  -26  -14   56   72    3  -38   57   53  113 -112  -78  112  -60  -36  -71   62  -52   73 -113 -124  -70   85   89   80    5  -41  -66   22  -77   18   36 -103    4   92  -31    7   55   26   60  -88  -85  -18   24  111  -53  -46  -82 -105   27   61   27
  -43 -110  116   38 -105   75  -28  -83   -2  -10  -46 -105   -6   46  121    1  101 -109   61   14   62   44   38  -82   -9   -8   92 -114   20 -103  -86  -23   44   30   15  -61  106  -12  113  104  -22   67    0  -27  113  121  -26  -41   12   36  -27   75   80   11   -7   71    4   85  -43   24  -18  127    1   26
  -98   17  -34    8    5   79  112  -17 -110  112  -44    3  -23  -69  -38  -10  -33  -65   65   47  -53   58  118  -49 -113   75  -25  125  -53  -24 -104  105   -7  118  113   -2  -59  -31  -18   87   82  -62   90   59  125   53   49   92  -12  114 -117  -65  -84    1 -114   59   77  117  -71   24   94   81 -127   87
  -57  -14   86 -116  -45   68  -29   37    6   61   97 -124  114 -110  -32  103    5  108   38  -79  109  -75  -19  -70   42  -90  -46 -120   -9   83  -32  -66   69   54   74   25  122   45   62 -128  106  -97    4  -35   50  -27   68   55   81  106  -24  -66   31  -43  121   74  123   75  -46  114  -97  -78   48  -28
  -24  122   -3   98  -89   60  -29   18  -37  -25  -17   13  -52   51   68   29  -99   45  -36  -67    2   85    7  126  -96  -39  -16   63 -116   33   36  116 -101   33  -41   67   93  -70   85   57  -95   68   70  110  119 -117 -117   20  -72  103  -47  -70  -68  -40   56   93  -78   41 -100   62   74  -64  -78  -27
  -30 -119   40   63   67  125  120  -27  -63  -65   83   56   74  -34   77    2   70   30  -68    2   -9  -11   95  -87   30   -4  -25  104  -68 -103   77  -98   35  118  -34  102  -13   86   75  -75   21  -98  -19   95  125   58   97  -61   89   30  -59   80   19   37   -7   49   33  -32 -103  -35  121  -26  124 -100
   92   90    3   80  -80   78    5  -58  -19  -14   37  106   45 -121   45 -122  -91  -14  -42  -72   23  -49  -23   56  -81 -126   22   40  104 -110  -59  -59  -20  -56   21 -100   22   26   98    3   12 -120  109   57   15 -102  -65  -76 -115 -107  108  -92  100   85  -35   19  -41  -13   60   63 -123    1    4  113
  -55   25   13  -33   51  112  -29   64   -8   80  121    7  -21   57  -69  120  -50   39   28   51  124   -7   70   83  -20 -126 -110  113 -125 -105  -30   76  -80  -16   44  -28   96   15   36   88   95  -99   95   74  -42   26  -62  -91   65  -33  -40  -67  -40   30   16  -59  -95  -94   54   36   57   25  113  -22
    9  -99  -50  105  -84  -14  -63   11 -113   32   86  102   58   24   11  123   -9  -29   56  -48    1   72 -107  -94  -22  -53  -57   36  -28   56   14  -19  -43  -36   86 -127  -50   23 -116   93   55  -30  -61  113   -5  -50  -20  -14  -79   36  -62  -77  108   87   85   87   35   28  123    7   84 -119  -11   41
  101   75  -86   51   99   55 -112 -102   25   84   12   20   34   -8    7  -44   29  -55 -121 -119   33  -36  -32   68   -7   91   75   77  -28   64  119   73 -116   33  124  -17   88   13 -119  114   97 -107 -122 -125 -114 -115   87  -85   87  -34   52  120  -69   21  -68  -76  112    7    1   85   72  120  -98  -44
 -102   27  -61  -14   40   76  100 -119  -30  -21   12  112  120  100   27  -49   66   79   71   -3  100    3  -79  -43   11  -77   42   83   43  -56   39  -59  -29  -22  -72   11   54   28 -108   24    7  -95 -120 -128    5  -93   79   71  -13 -105   69   87 -102  -10   44  -91  -87   86   -8  -43   31   31 -102    2
    9   82   14   64  111  -94   88  118   67  -31  -10   72 -124   70 -112  119  -35  -43  -49  119  -53   -5   29  117   82   21   74  113   53  -28  115   62   55 -127  126  -90   36  -41   28  103  -72   19  -80   60   89   64  -76   54   21 -125  -83  -32  126  -54   85  -48  -32  -97   65   21 -124  -75   83  -69
   54  -46   97   90  -87  125  -62   97 -112  114  -99  -23  -78   81   31  -57  -44  -51  -89   83 -105   -3   35  119 -100  101 -116   32   26  -32  -37   80  -78   60  -85   91  -70  109  -68   74  -33   89   52 -111  -85   83   88  127   32   -1  -46  -72   -4  -10   47 -103   91  -68  -71  117 -100 -107  -59   78
