120421 -93928 4128 -68933 43824 -71822 6954 13493 -73528 10213 -32362 -39704 -13304 7140 -3509 39773 15086 -60467 -77017 29588 -30380 8737 32813 -1503 15218 -167 58748 38436 -49259 -32031 11605 -23249 54509 -4100 59945 -18917 -3495 12029 4383 80918 -5239 68143 138157 25845 -15685 -60174 -35298 -40601 -40413 -49785 24884 92780 8702 24176 65510 10832 30746 -65805 -11734 -11628 -31150 56724 82222 -26701 
-44144 -22827 16558 15452 -18344 -20331 10981 88491 10625 24495 -39384 -76300 1579 23227 11401 47345 45533 54924 -34679 79096 -14852 -13024 -11674 -40123 -34868 21411 13975 -3319 37430 13306 6966 -113289 -98965 -17326 -26015 -17337 11852 2881 -13022 -18741 91636 -58450 10390 6935 14614 26208 19470 -47979 58823 12019 10036 32730 -11944 21239 36490 24408 44148 23619 -6522 -103761 -62349 -12406 107326 39145 
-6215 55595 3205 -45514 -9834 42021 -9325 12241 -3105 53885 -47756 -14998 21095 34 -26541 85804 5524 7869 39830 -8315 -59488 95683 27319 2842 32709 -12260 63065 9359 -5527 86 13096 18251 20229 -44396 22291 -6575 68780 30876 21789 -107387 -35966 47100 48806 -20634 19725 -67837 19732 -7753 16493 10747 -33540 22416 1796 -44684 -128171 44160 -87958 107308 12293 -9393 26429 8180 -42869 38953 
-33969 3865 45517 101697 44825 -77428 32232 -102432 23215 -80389 -7201 -99290 38814 40034 -53548 -101634 9852 -1117 -14389 -5020 15573 -92738 54767 19035 -41217 50942 -33956 -24044 -35569 23779 19960 -1437 -27599 29239 -31358 -18937 -110173 15595 8733 36321 -3699 -37593 -27908 7750 98263 38315 57248 40019 -8749 -48171 -34746 -33863 9708 8611 51446 30911 42402 14272 -18679 -49060 94397 -19161 -5839 -18619 
30645 37970 -28114 95527 -53581 42025 13317 -16489 28162 60757 -9470 14672 30441 71016 -85144 13007 25583 -7427 70062 13206 58925 -100034 24345 -67733 -46010 -82909 -61798 49047 31507 65555 -56815 -100283 2543 42203 9123 -3348 30631 -30506 -41760 12307 -51115 42630 -53314 56296 -89555 -891 75540 -85249 21107 -2044 -17335 75443 -40465 -51847 -13362 17293 3266 14380 4850 18586 12206 -47005 -36573 84516 
113935 -2173 -74086 -41394 62457 -71508 14207 -19199 -38853 71009 93755 -9775 22872 17349 -36053 58021 -20685 -14275 43943 -98741 -2521 -80411 -28807 -61532 -56775 -2018 32086 8069 14369 -10711 60247 -34651 13962 -38828 -63695 -55549 -15675 -25505 43635 13625 47185 -11400 -7995 56634 -39524 45060 25834 10648 69055 -105856 20388 33197 41655 -168 56005 -6224 -73459 -47029 41904 11763 -33179 71879 5670 -42201 
14863 59656 -66050 -44940 106490 -72276 -32799 55509 43084 16693 82389 13949 -3084 72375 39789 -24904 20242 -64159 12821 -11511 661 -97892 3325 39280 -89316 5659 29602 -24547 -34710 -10733 58353 2693 19883 8112 26233 -17459 -22647 -48886 -43981 -57056 -12386 30085 -39750 69741 32891 14611 -37915 -40345 45913 -4992 36224 -32449 -2328 -63066 50645 -79264 35134 -30247 31686 -52606 -92327 88762 5071 -21290 
-7852 -20566 107502 53838 50806 19271 18733 -65169 -17756 -93474 56305 58590 -71541 34739 9721 5390 -45251 -17189 -45694 -3959 -14083 -24336 764 -18791 23096 40248 11948 45900 -38732 15953 28199 9574 -17445 46143 17200 -21926 -88119 -20749 43110 96109 10437 12567 27232 35333 52947 33085 -34008 10733 -44513 -44740 -76225 -23271 21777 31354 -2247 54553 -249 56724 -17678 20278 20956 -64666 36606 17625 
42694 15749 -20406 -2001 -33677 -86353 -27717 3195 52923 53066 40873 -33951 34209 -20454 -71963 22351 32037 -6102 41086 2323 29067 -52105 -11389 -42155 -44177 -68762 -40539 -17859 -26056 7396 28715 -44029 45988 21430 55697 -851 13971 -60152 -670 92073 42427 42240 -23708 -10149 -44904 28488 -42695 -65341 38950 21491 40314 19425 -10611 -5025 79918 15991 1912 -50479 -2941 -33954 18879 16921 -13686 47936 
-11679 3229 -49066 23504 -7357 34858 -30945 -17022 -129758 -43973 12668 -12351 20031 21031 15391 5656 807 -34323 -14239 -36061 50499 22605 31341 -14333 85073 4942 -132513 -33460 23732 -13210 -31699 -77568 -64997 8306 -29301 -414 78616 -32943 47052 36900 -38442 -43872 -39763 -13936 -89639 49257 68836 -58299 -12781 -30087 -63133 43763 -17144 -53241 -7981 -46895 67280 -35635 -39354 40786 75179 -62520 -59497 6539 
-68054 27112 -6736 -72707 -33781 74918 -8976 39101 47456 52143 -37915 72292 -13538 3419 48273 87976 -58590 34991 27218 -9959 32323 2208 -30607 -6843 -20900 17403 -54626 31870 -20787 11214 -24158 -29791 -38672 59318 -15520 -10476 -21178 -28623 -28422 -504 45733 13079 -24141 -49776 7698 -6831 -34764 53654 -19456 32746 71336 7980 -9240 -42575 -15854 22282 42198 -17165 44830 -10222 -47716 -53635 -39874 -79412 
48608 -6922 17194 4761 65755 -26002 -16306 25093 -24414 11082 -49428 13680 -11069 45380 -69313 13534 -34807 -38258 6283 -19439 -36510 -12831 -46307 -46563 36231 -21377 37337 11182 -49164 -62805 13203 42606 14649 33553 50065 -50683 -52363 46623 8037 -22772 -21238 55701 37808 72644 84996 -56352 15349 -23087 4651 40049 20230 -103621 117125 -28478 -23949 21564 36437 9588 20175 -69658 -35030 -44579 -39906 -78968 
-35476 -36205 -65867 6168 -41047 -61938 -95267 119185 -31104 13741 30296 21323 -41615 -46988 18549 -62877 -6584 -43550 2841 54512 70922 11504 -25400 -68493 -52654 29633 17796 -36267 61985 -1423 -34665 -19262 -35011 36371 30893 68349 13739 -2768 -29272 9815 30636 -27100 -22907 19553 -95393 57824 -49159 -23875 -11594 62993 -9790 25279 -23086 44058 23514 -71965 105830 -26418 18478 -65428 -41042 -83673 28192 28254 
-50558 -34255 21194 -9297 40028 2948 -7012 42968 21028 44098 -4575 60534 7744 -20365 -63947 45793 28658 -48322 -36262 31398 -2683 72 -58814 -132747 -14110 -110513 12147 93499 6470 -89875 -71366 -77932 32313 11515 72444 -24766 16511 34030 3233 -32786 -54277 50518 30531 -14633 -27921 -55811 6203 2056 8261 -28896 8909 53329 10657 65476 29742 74542 38729 2922 76344 36216 22822 28496 -16738 -34716 
46680 9023 6579 -29347 16600 -44155 129353 -33040 25173 59178 -4000 40989 23780 35801 34994 43687 11475 84668 4610 -72361 -22112 -13518 28162 104307 26447 16224 38922 56494 -37577 1325 15688 -12210 15608 -33592 13604 806 -51326 13420 39383 -35323 13634 -104952 66221 -74959 1638 -11113 -15095 -6355 20239 -13470 -24176 -20228 37646 67630 12733 -23840 -135354 49168 41322 9916 -14023 93253 87682 61215 
-15756 -25957 22001 -23388 38757 -69731 -19829 17666 31967 -30213 -19174 -25751 40882 -33861 47086 9408 92015 60369 3305 -48953 -9967 -60935 14800 6848 -25355 2461 33351 -31142 -57437 -48560 -32439 8809 -54686 39522 -3798 18701 -58312 -14447 -14744 16784 1076 3295 -49545 -70394 3345 -52024 46597 1567 -32682 19112 6459 -14603 4039 -32719 41824 37907 30570 16856 -65990 -67123 -14012 49316 -44337 31068 
-20074 33797 42988 -60140 -3067 17066 20306 -52613 43689 -48903 27875 -26845 23156 -2648 63546 -42928 20586 50575 -54413 -60472 17393 -57394 37322 57610 -77393 -45477 6534 40312 58187 44316 9974 -58735 37829 -26298 -69181 31846 -85774 73990 49349 4867 29744 -131655 -66515 64883 -8206 22287 77064 15780 -70949 4526 76064 -51249 -44787 -4613 31836 -53588 -42484 -52420 42618 48201 28350 42084 77778 21838 
-55067 15946 -56156 51378 -84303 -3018 -75724 74933 -7041 -2325 -11888 -21036 -7453 99192 20803 -11364 -57926 -42276 70388 -34997 45497 -55463 15095 -17127 -1576 37797 -80994 29120 -67045 -42118 -48517 10529 -112835 67576 -6968 17360 30778 -1000 -20968 35412 -57872 28962 -33106 1861 -129365 78808 13433 -79614 -44021 8080 -53887 -36338 7429 -88470 24641 -52949 69608 -12244 -2971 30856 20329 -38485 -70378 -9709 
61875 -37537 -23483 42236 7960 62991 54378 -68191 13797 5410 2642 48914 -8439 15913 20335 9651 38291 84563 -26829 -14514 -77851 8416 -24677 127171 53466 -3198 -27199 59662 -61014 58915 -2979 35061 -5813 -83417 -19289 -10221 -29033 18657 -35758 17942 7664 -26137 15055 -35186 38529 -17055 26580 -27813 -7792 20130 -10060 -51132 -5166 104911 48879 27232 -80729 25558 -19326 27118 -16636 397 9834 26261 
-46417 -20198 -9336 -88257 -13332 -18069 5674 -55661 12420 12372 36206 -13618 -59819 36515 21212 83463 -17557 -16759 15626 34822 18920 -16911 26738 48441 27775 -27487 -42601 27296 -25819 -45829 -887 -1020 33851 -11694 1431 9207 -4733 -22761 79757 79003 -8917 43771 15669 -40926 -14153 40146 29115 33989 -19934 -40638 -54311 -1909 4778 -62065 -67000 -51217 -1560 10254 -19812 87795 -9060 18737 16305 -34753 
38050 -20686 14406 942 -66017 -52976 1362 41043 -26993 -59756 95237 -24455 55639 8131 -53958 -16579 39616 17327 -6714 34636 -7331 13617 52313 8759 30725 -64244 -6471 -15568 51333 -49903 72973 16642 52027 25772 -8838 36307 15770 49000 29065 50971 -6754 34722 -42771 37778 43443 19652 -20137 38818 538 -61316 -3765 108359 -63521 58118 15539 -6116 68124 58779 -15559 -2882 28225 24186 -10880 -7089 
3560 -74024 -4683 -50420 90035 40180 -44294 -18311 -22611 -45748 8701 2735 -67583 -91624 -19516 -1862 24315 37745 -124126 39375 27418 56111 -76706 -32162 84054 -29713 33978 -63539 55831 -70352 -28000 22259 -27382 73839 32825 -44004 -59764 -19281 2643 -3593 41804 58730 -8078 -17628 40658 -24735 -53346 98508 48226 -22450 -28881 45667 47950 42375 17478 45879 170775 4896 -1746 12333 -112009 70854 28536 -65646 
67481 -48042 -14974 -24934 67421 -12367 504 43121 -6201 5818 26416 36520 32629 -42229 38217 -19925 -18988 29680 -8792 -661 40846 -1082 -72724 -88738 -44133 -94307 50397 9830 72332 3174 47307 -15642 123634 -1047 23901 -43216 -54845 -46330 50695 -18491 53581 -37082 -62685 -3103 -91383 -33 32088 38442 -71566 -4674 35497 14170 -2530 59958 54196 -25355 29942 -73072 8758 -21997 -16277 87592 76098 -2092 
-6413 -6241 -26101 24860 55844 -40585 4827 -31586 6083 17821 62038 -58769 14575 -63054 5196 -12899 17943 -40100 54867 -1536 -4249 66300 23432 -47909 -26020 70659 -39082 -54339 -25197 -12837 -16713 -32005 -21274 311 69077 -64484 73394 25175 -15053 -45393 12130 -7615 -20771 57448 -17046 20837 27267 -20823 -62721 -11229 11555 -25984 55754 521 45256 -72629 99556 -56287 -18888 -61000 31852 38579 -38184 -16510 
-56018 38936 -69207 -34437 -75408 10553 -24060 -12877 37058 -19883 -2417 -33018 -72564 -40424 10849 -23280 13255 14459 -12285 -45511 -16408 118959 -28235 80905 63988 82729 -73136 25447 84279 38040 -16321 -8622 -46807 -26387 -32382 10686 -4704 34658 16717 90418 -25865 -52279 -51111 25468 36114 10243 78818 -42778 21196 44277 64562 -82401 -30506 55317 19027 -58539 90730 -40506 6207 -32023 -9330 -42812 4290 37937 
9018 -40595 40110 94404 1293 -27873 -17181 -113004 -77442 -92339 -125227 21967 -45094 31720 -5417 -13757 -28157 18605 -5397 -42828 -27192 -80037 -53174 -32064 -13062 -10014 -6023 -44474 -55473 45122 13346 45418 -49961 87421 -44603 48202 -16852 -11036 569 52154 -37736 15677 54041 478 47487 19125 -5083 83272 34407 -28694 -48545 38517 61912 -136093 70370 47166 45319 58273 -55678 40338 29125 -38745 -17257 44874 
32485 43607 69688 11129 17179 -65228 -36921 34545 -7781 11571 -4590 -4612 -87819 11865 -22162 7920 17450 -58428 -10645 45546 19477 -58044 -73492 2651 -51906 -5807 1063 -50585 -21733 -8767 22733 -20901 -41244 10984 -45027 36366 24926 105609 8655 -23896 -6254 11208 -7960 4731 8745 -92213 -78438 36114 46492 -46623 20878 24561 44403 3245 1203 44465 14900 38952 35378 37854 -10596 18692 276 -27489 
-25531 47212 -18339 -45185 34469 34645 -41734 75730 -55008 34126 53511 60353 -68691 -61573 22043 -41275 80297 -54004 -45884 4270 -10930 100173 -8856 65566 81544 -40074 33692 -47449 -5514 -42010 -22088 18008 23478 12254 29368 52996 74749 -14365 -30793 -53656 13274 106938 66778 2183 1256 6152 -52056 -26124 72465 57901 21113 18866 22166 -53753 -59672 -96139 42110 29441 21163 -32426 -87447 28572 -64879 43308 
53101 23217 -617 -14828 81289 -36623 -38053 -58452 -8749 -88643 79653 19589 86873 -38721 32108 -71778 -1555 -55252 -36416 -28005 20616 -32160 16219 -49026 -13468 -41578 71151 14519 17248 -16792 -52097 -39588 -51921 -21687 -44123 -32238 38448 -20021 -10144 -56867 2056 62050 -35857 51747 -45515 54562 38824 52 34222 -42209 67264 -16267 -66177 77835 -49681 47885 -635 -26660 -45522 -3997 -652 1060 12283 -35295 
-68010 67728 -79264 -91263 -33558 -6381 74963 75697 -6194 41261 31709 -10052 17317 -3829 74305 -46111 -9377 -65837 2311 51389 43719 -47327 22632 24459 -22254 13620 31830 -8511 -24120 -17733 -24277 16066 -16594 -15103 16202 -7737 28973 -40672 19510 -64066 -25035 -15457 14693 -59950 -35406 33655 -46254 41001 -17600 -8960 -77455 64124 43530 -80936 -18587 -58909 -15260 -11437 72493 87658 -3734 53987 4444 10495 
6885 -24790 -25506 33388 7443 29531 42352 -10703 -15773 -38883 59147 -98187 45011 61858 38687 49122 43536 -26692 9417 42204 -8390 -36614 77188 11386 -39068 53287 -15591 42348 -53039 22088 -37215 -31044 -56119 8921 18096 -12618 -17162 -17150 -23631 54650 -16349 -16681 49333 21846 -39350 23316 29652 -21393 -49800 -12196 -76408 78036 -89797 39546 39922 3288 -12675 36617 -50522 25995 39625 -6042 -17931 -50015 
60522 32275 34497 -6484 -40042 -22424 54247 -85122 -13450 -27378 16393 40519 122928 8014 2494 -97014 31747 97473 -37981 -17460 -3003 -41938 43955 7046 1505 -33877 18881 52739 46651 120361 -15302 -58281 29418 38716 9360 59586 -92086 23077 18623 -13032 7296 -58606 -31127 -24424 41994 -41675 73020 19081 -46373 33943 78957 61506 605 43546 -23955 -13980 494 40690 -17485 -31692 29995 -36033 44875 136455 
52784 -53832 38714 -62893 64455 -70083 -22873 -20380 -34050 -15529 17507 20420 -31631 43703 -13525 -41580 -26301 -13558 -77415 15904 67299 -29701 -19785 -95330 -66792 -27359 62072 61752 13841 11270 27715 -12419 54053 13908 -1085 -3118 -4207 -37474 29238 -22150 9441 58271 14135 30183 -55953 15897 4346 17479 38877 12288 34392 18661 -20254 24534 3814 36045 -17703 -30663 -7109 31367 -26939 -23969 13009 7531 
39599 64159 -18438 24889 -20610 25975 89657 -14502 39797 48509 -8881 -24919 29677 45920 45574 75408 28384 -5483 28179 73246 7630 -22570 22358 -7725 -25998 -2697 7623 14938 11218 36511 27702 -19556 22258 47283 -13826 -22569 18829 -1565 2642 -11618 39536 -47934 38339 -39215 -33477 -51246 -40640 -7067 -27318 30462 31962 41037 -70019 35660 -8565 72838 -137769 -967 35021 -41009 -2835 46012 85026 67887 
-67022 -25893 17289 50805 -33884 15613 -2627 11461 64187 -10591 -40454 -9284 -85658 35990 -43505 -71759 14037 -30031 -21379 27796 22856 6786 17737 -9586 -97585 47791 38830 85247 931 8935 -18198 23516 -3398 414 -36202 -58523 23441 27752 -58004 47990 941 -15575 29245 63862 36840 -4669 -12326 -88 -52274 -52212 6686 -68157 -28952 2702 38742 -27735 10367 -85408 -48821 22206 5064 -62517 -23929 -65257 
-29296 -64106 63955 35800 -17870 32675 62604 -43317 -14652 -63039 41802 42867 82957 -20897 3929 50155 -93897 67772 -41248 -20349 9341 -5611 -12586 47593 45839 42140 3189 -2755 15551 60653 11142 -6862 -4484 35592 -9345 18259 -73797 -52580 -1839 51793 55400 -78856 11861 11162 113607 46520 -26707 15521 -94103 51568 -15352 59095 -50885 11928 -14411 11732 23038 -12092 16542 -9966 19349 -31929 -37742 73218 
64181 -66487 -66076 3907 11505 -55840 -18639 9880 -68086 -2713 -40268 14835 -59796 50080 57528 -9286 -47109 -89144 -38710 7436 -113434 26816 3557 -22834 -81267 14865 47789 -50592 68910 17805 45214 -11481 -7059 -28601 34347 -10989 35093 -45642 -68607 -52745 -32136 36086 12927 47467 2875 47905 7194 -45610 17369 -4925 81676 35464 -40379 -76497 -8599 -32943 71849 18990 -76901 -7363 -64891 43925 3506 34324 
10747 -43709 -3846 -16348 34009 -19031 3879 -98071 -5752 -43732 -56038 -26455 -56650 61620 -21847 70831 -21179 -3284 11593 -14545 -15992 -36322 47186 -91312 -54953 -35034 3731 -24730 19567 17076 843 -4099 21847 37619 -43729 -84369 98213 -35807 69424 23994 20776 80763 -5711 21490 -23915 26854 40390 16691 71919 -151839 12486 -654 -35321 -78098 2145 138799 -10466 39065 -100032 30303 -26060 -45740 1747 6462 
107939 -8504 13474 -12107 -6257 8069 -20651 -36737 -34790 -11799 21178 8001 -35100 58274 -21590 -5995 -68504 -40941 -13570 -55740 -35 -76419 55160 51236 49160 13324 437 -31992 -45107 -73952 -31623 32618 -38717 7645 -48077 13272 6862 22380 -9119 -77683 -88183 20097 -17705 2148 -39181 8780 23861 -75825 -49969 1592 33024 -20102 22939 16151 -126521 -51891 50434 25550 -9981 -19418 -41494 25267 -40386 -83376 
5964 74843 -38733 -4477 52276 -34318 -76160 9781 58341 -20844 -42611 20282 -57385 -59390 29062 27662 33586 -12919 40982 -36799 -27726 70952 -27614 107176 -50917 83937 -23125 -106242 58863 34746 18838 40051 -12011 -10822 38222 -26683 22822 -8980 -49876 -727 34390 62095 -50686 44031 28948 -58305 -26976 34058 19275 -37143 31964 -1824 -6983 24180 -2683 -28040 25483 -66342 -56828 -31348 -58897 18265 23626 -1783 
-37026 -39280 -51553 -6900 -45940 17800 -34343 -24688 -6751 47572 -62868 -22022 -47843 12984 -28692 38980 -117873 -16775 8224 3724 30223 39710 -70772 -18227 57572 70313 -63414 -23105 74111 796 -20085 -48635 -54898 -47636 -50763 -16710 -24016 24940 -23913 71521 -72360 -77239 13720 -49233 -23182 32664 50183 -51455 46139 -26939 -18861 -16946 -9366 -15395 -433 47426 -25814 -43451 2297 -24288 50119 -61279 -67782 -75374 
-38839 -23740 6870 -105821 -9153 -17363 -45351 77605 57256 28693 -32348 42705 -25850 -38133 -11768 -29837 -39550 -12699 -15939 -28887 97159 33887 -26070 -76983 -66284 -12063 15603 -19266 36236 -10763 -53677 6269 31036 17572 -14214 -27855 -16416 45917 42213 -4185 -13796 13369 -109042 -31915 -18678 -73605 -20536 31033 -71333 -22437 36384 -9692 -5205 -53088 -20547 14904 50316 -54922 -1247 30415 32018 -23305 -69537 40307 
-46972 23508 56776 32416 15663 -1059 33405 -69755 -5638 -56661 -87867 -87742 -10639 10002 -48964 17819 -34410 19490 -33341 43638 -21348 -26824 -33263 -7071 26286 24751 -30821 -103799 56015 -68789 39963 -8252 1737 16111 -12979 -30326 -49539 55090 13059 6552 66752 -112332 -37534 -16778 100835 -25307 -30680 51441 51472 10863 23674 -70789 12504 -34036 31732 47726 43739 -21326 -58369 -74246 -11611 52851 60966 -10836 
-12192 29051 27842 46157 -29466 5345 10937 -41938 9166 6428 38921 -21631 44693 56311 -89692 62237 26352 22469 96023 -55458 -1965 -39856 46115 -83369 -34829 54931 -13720 -20523 -31001 -41 -29914 -1665 -111107 6151 415 45548 102866 -25246 -17348 31821 37728 71853 -7232 27710 -18944 -14144 43629 17655 52972 -97678 10966 5490 -14076 41220 -430 21795 -10557 40655 -34223 -6180 26607 -57815 -37900 -387 
-15419 -27305 16591 -41691 62646 17932 -80450 -15199 27578 -30637 44556 -64301 16252 37468 33212 -33340 16975 3005 68275 18935 5280 -70003 34138 -12415 -70557 5953 48952 36495 -15829 -25735 63124 42509 16603 91730 68016 29639 -49640 14312 -34799 22982 -49780 62360 -18325 72475 -4532 -40886 49281 43384 -40135 27137 -1877 -26462 7925 -21877 46971 44437 27429 -17199 -28870 -55521 19378 23213 -265 -76802 
-49601 15908 17680 67713 -11717 -5624 61592 -11527 -57952 434 -64272 40161 25779 43729 -27464 -44486 37437 16006 -88454 38004 -22817 -23657 57336 11669 8501 32289 -12810 89777 -29017 117601 5379 3412 12412 41151 20202 25622 -84157 191 -47318 22562 47998 25082 48644 16344 31662 7555 -18294 62938 76006 25640 -32526 71576 -49342 47653 16990 -2004 -5595 40455 16377 14098 18737 -110334 7134 31314 
57163 -21727 -79381 9701 3062 -18934 -7340 53121 -80161 -19919 66357 76453 45296 3227 32520 -18046 -9629 46641 49629 -36325 37594 7215 27631 40651 72488 34634 76855 -13753 -40701 -33253 19034 84631 1376 -35087 -64783 -25134 53289 -38609 44116 -12788 -15027 -15325 62573 7069 -22887 36916 -38068 -3194 14845 21187 -24456 -16597 32135 -50802 -15640 -11473 -65017 -47132 -3731 8539 -11847 -30481 -19445 -24715 
44215 30829 -59280 -9576 58175 37714 -9127 11669 35806 -16834 60124 54984 -8483 21834 -6581 -28711 -15596 -52119 -13479 -4490 -61477 37337 -31546 6932 70692 -35362 -2523 35675 -10058 -48803 -29114 101042 80906 -54805 45002 -20673 -2250 -39715 27768 -24662 -42791 55558 10223 21440 14647 -9539 7632 -66804 23823 12665 -41523 -58119 50228 -11342 -46746 -87764 -23967 -11540 -5832 37242 -24723 37311 -37609 -46780 
-44976 10394 -8064 73045 72593 -53255 -62824 24032 -67561 -46771 -113880 24386 -45985 -21762 -61400 -42882 47144 -36628 -48436 48411 -37488 24813 5959 -26396 -7244 -40778 28242 -42182 17797 -19856 61218 26329 13426 129149 64238 -36518 -34989 10381 -26141 28306 86121 28130 28898 27662 50129 26517 -94401 57723 71032 -26012 -16613 -25100 -20722 12737 83907 61209 117364 -5905 -41350 -140763 -9375 -18934 -22583 7019 
-25778 -5694 52375 -51425 -55625 -20363 51834 -48901 51238 54857 32455 -74885 -2753 3350 -6440 108208 49096 71664 67748 -6850 58034 2448 -10155 24976 -38344 -836 -7503 -15894 -48373 14523 35162 -25329 -7346 -12471 -12519 30478 46486 42395 22234 -16988 -7408 27226 21553 -2519 7042 -78034 36616 37558 -7727 29775 25743 12382 -25824 25784 -4853 65736 -51853 54927 51735 36416 30867 6382 9608 -28138 
32304 -49352 -14140 -38250 35895 -12208 24715 12966 3171 -37135 39127 -136923 1873 9876 -26691 -68731 16320 -55617 -68821 74663 4454 48397 21999 -15071 43044 25828 77952 52888 76612 -41356 40669 95035 61982 -21687 2142 -34307 31589 71140 27672 -47638 -6156 67610 23580 66542 58570 -65566 -15140 2704 -18202 3758 -28371 -59565 6176 117826 -6412 -19919 -12779 -3845 27625 15486 -5313 3974 146983 -45485 
9133 15819 -30835 7930 5502 103115 47075 11218 -53755 62595 27155 77426 -14518 -61384 -51858 24164 18259 28130 -22989 29630 -56387 9995 30832 -24167 58404 -73496 -52556 27513 86427 -342 -58116 -82258 86264 -15059 81933 -28627 -23497 -43659 39054 6969 32065 -56049 2976 -91453 32771 -9291 4153 -14352 38821 61886 -19963 31201 48130 47885 -17051 29058 30502 46466 20555 -53646 34345 -58175 52873 45331 
-21503 71585 -64876 13116 35267 -21999 -42326 46009 42741 -27155 34218 -9220 -13384 -20124 9723 -15332 44215 -19545 79038 -60030 23406 20670 31915 26516 -87459 -15077 -4827 -23040 33670 -58100 -37460 -4440 -28814 888 -12148 -89198 -1843 -22840 -28740 54919 14669 34135 -63536 74589 -27838 2449 -17868 -13661 9405 -44370 28251 4348 -20758 38658 40812 15478 -14254 -53046 14146 -4421 -30648 39701 -1931 -8577 
1572 33665 -1257 -9839 -6596 -51164 3517 18004 39888 -74156 67670 -123448 64762 -30877 22640 -21336 70209 10077 38380 -60053 23594 25761 -19949 -33286 -88825 32871 22259 -96016 -27011 617 53706 79840 -76197 39357 -58744 3400 96410 -13568 -17000 -29179 -8572 34125 -63649 58303 17044 -56264 37192 86476 36947 -74179 21820 -18363 -50964 -35164 44800 74259 -29675 54932 -12534 35912 24886 82004 -80262 -6232 
-33907 64233 26214 86243 -7471 -18580 -28736 61915 39580 11352 54691 -26315 100100 -37951 -19111 -19733 -13354 -31053 44099 -38417 12497 33709 4713 -2277 3138 21251 -13202 -36804 25320 -24405 22441 -49243 2085 34020 92849 20632 -42601 -22355 -37145 56100 7398 -79949 -20907 48957 35724 35103 -33978 -28557 7365 72974 4856 -43988 -32342 -11882 -3943 -67042 53452 -38670 -19502 -98214 15963 -12128 69051 17520 
4764 -40491 -20157 12054 -18028 -16696 18401 -21081 39043 28503 -38528 -104972 -51554 48130 -4515 5615 -12786 -45077 69073 31088 56813 53067 -13129 -12047 -17122 -20883 -5409 26466 32422 -40186 46915 25008 -35467 44666 -36023 -48020 58345 7325 -22934 -23352 -49648 53561 7961 13173 -42880 45668 -35126 -16575 5722 -36409 -113340 53426 -26032 -57950 -21884 55855 -18899 28631 14921 29661 12344 45193 -25213 -53284 
24190 12706 37138 32369 52422 -52455 -39780 30477 -43898 -37916 7848 -84388 60592 19806 -84475 16300 -30046 -27398 -70963 -37017 -23674 -89276 9051 -54541 14375 -16035 -5587 -57674 -4683 -82235 -66723 11390 -10361 -9332 -43526 -36859 -82735 39401 1503 9092 -8231 -25671 -34667 -3748 34242 7261 27641 -13250 44704 5788 -1101 -38953 22896 -18330 -21432 18219 -35902 15198 -22916 -30177 -4683 -22531 -65822 -40762 
-33369 -16602 -16257 -8675 -1202 -23384 -68316 8833 40131 30594 -87466 25915 -58062 20850 62286 -51229 -57050 -63004 30671 14324 35873 22279 -71758 12728 -44107 -17739 -23176 17820 63195 -7902 14460 46872 26212 23105 -13160 -2881 17898 21310 -15456 -41840 -42725 40402 -70662 -25406 -26553 -29752 1911 74454 -6015 4583 -60154 -29431 13399 -95014 -23556 -48370 47090 -3943 -41169 71228 8544 -4862 -18376 -37465 
-7649 -40602 -64033 14304 12116 1196 -4512 36762 -12561 84280 22267 -5902 -35055 20185 17938 42508 -69532 -73791 -11475 24875 58230 -30110 -53247 -63717 2847 129 2883 207 -4822 39557 26024 -46260 22820 72399 -59 -67625 -9124 -53618 -26756 -11432 11076 13056 3875 30810 2998 -14787 -59875 -29376 -11429 18452 -44564 -1219 -3332 -83601 -21434 24195 -6670 -11566 51392 11845 -20638 -8520 -2823 -20421 
24337 4603 -17786 13571 -80587 -4187 91073 25641 1673 46410 -37526 44146 -20649 -5104 52951 5278 -27183 -44709 -2078 30740 -29215 -26361 -9939 -27269 -63794 11024 -21895 137692 20037 89301 -19832 -463 405 34187 40103 -40750 -22899 -31379 -47025 -8010 246 13072 -28342 -12842 -38024 -494 -34124 4277 -24355 -44504 -3113 -9346 -43518 57243 -8242 -53667 82772 -35871 2357 36557 37180 -22416 25373 -59673 
-57966 -51990 -29002 -59534 75687 50994 16130 49108 26117 15995 136455 -29427 -67480 -49462 40150 55891 29467 -49110 -52766 159603 17075 33593 -75806 -27123 23557 -34358 -8846 -12522 23617 -9160 13653 -68222 20835 -25948 34424 39428 22418 52149 24588 -27010 -26336 -15058 -42150 -64172 6814 6891 -28602 32616 15745 47065 -11944 -33848 -68740 21424 6803 20301 50557 42764 -2703 16297 57189 77285 -14699 348 
-65889 -60265 19596 23119 485 53809 -8474 -25544 -29636 -6321 -23909 -42720 27839 -8431 -23421 -4722 -56940 -3709 -32235 91155 40587 -60814 -15174 -88502 12197 -4093 -46613 -49929 -1497 -3195 -53152 -58067 -53146 6887 -14085 -22391 3451 30374 -20850 4059 -31721 17453 -32730 -45144 -26122 54174 26088 9412 -3117 -56601 -63505 46611 -32788 44 42039 71182 74660 9965 -35246 -9635 70343 872 -56557 -41119 
24338 -63181 41494 -57167 16390 -52371 -40793 -2560 -75353 -28534 9649 83912 -95614 71993 -55954 -6946 -24777 79232 -19611 24842 36247 -66155 -16250 -33233 9545 -33279 59293 29753 44323 -1110 109829 42303 29849 63181 -50408 -3514 -54344 10738 61311 42687 53876 49715 -15287 -11856 83807 -4185 -73861 58279 49535 -44542 -43795 1261 64498 4912 39111 49205 58118 75671 -13799 -70410 -6429 -103983 -6496 2184 
-22839 1043 99830 -18164 8434 -38990 63870 17577 -26470 -30458 -57799 -21281 -36436 44401 21134 24748 3894 -35557 -32950 -15369 27238 40235 -12817 -6288 -53797 -35024 -18927 -41662 -73895 -27581 49601 -38670 13185 -39467 -101005 5587 7191 29332 71788 47503 29161 -25441 -23659 217 48309 -105641 16125 -5664 -81032 804 80588 24124 -42969 -106555 -21465 71501 -28468 63700 16981 -2254 55124 3918 -58632 102407 
