7112 -19305 -2177 8865 5907 -8860 -455 -31532 -6582 32734 -31302 17352 -10974 -10968 33698 21466 
1328 -18904 -1022 -35897 -1221 6455 -44873 -21368 -45603 20813 -22013 -13658 1407 10235 -45204 36511 
4701 -13782 -3018 -22061 -11653 193 -13774 -5679 -5217 -39576 5477 2147 -21572 6697 -22186 -8731 
27243 -18126 -4919 -5209 -7987 20975 3730 -9668 5785 2607 714 40998 44929 9152 47405 -1284 
8932 -7485 4265 -24270 18692 -8781 -2460 -11491 -19664 14316 24214 -14029 -2484 -7921 -36292 18588 
-7113 -7130 13225 11868 18730 28773 -5367 15253 710 9658 16697 17913 37085 9669 -22833 -32601 
24253 2906 -63766 -5511 -24914 15062 19151 -7651 22430 -11953 27075 16211 -4131 -40059 66572 -22641 
19896 -19995 34869 -18694 -43457 31958 -61042 -61111 -31141 4952 -43755 17768 28310 34798 -13935 14213 
45186 -12047 38203 -25019 -40638 -17201 -2647 -8535 11779 -15210 13241 -23765 -23682 27159 27105 37437 
10621 -1200 -13842 -13180 4594 18632 -12444 -21846 22766 -28971 -4684 34835 6751 -9162 14740 8240 
-56233 30026 -10073 6994 -24808 -33515 -1688 -8510 -2241 -23385 -13046 -6297 2315 -18984 6838 -22950 
5557 -28879 18601 3722 8941 -5758 -22628 12860 -16549 5664 -21664 -18665 -37235 25251 -49152 10605 
-41572 6321 6695 -13312 -7622 -23203 6567 -3417 5740 -1285 -18894 5745 16984 -10978 11303 -10208 
-3071 13896 4310 -9624 23472 6468 2316 28944 17167 1142 27094 -18041 -751 -9190 -31554 -5458 
12709 10053 -19899 2236 -5841 -20894 -147 -6529 -12047 2290 24599 -33961 -41317 -12745 -7106 18841 
1495 -16826 1532 26948 41672 4375 5960 -3292 -29999 19356 9934 26183 6689 4148 -14261 -23409 
