50247 12414 -16731 -8506 -25699 9092 24048 6149 9370 -28765 3643 15695 15979 -1213 -42725 27642 
22224 54594 44653 44634 -4026 -2231 10655 10002 25927 -10190 30045 -601 18859 -3827 -5825 -20216 
-9578 10231 8090 28354 -695 -23079 -15974 9451 -7898 27701 14696 -4641 -3564 18502 15214 -1909 
22955 -23751 -55330 -32211 -9701 25856 6845 24949 -15706 -31078 -14549 -53887 21611 -24713 -5849 11354 
-17946 15098 53207 64787 -356 6099 29186 2238 33683 -2001 11672 -3625 15854 27228 12013 -11570 
-34466 -30012 23174 4658 33369 614 -10707 -3990 -11506 -4938 3145 -8454 14760 16798 15013 -1542 
-14755 -24417 -74101 15480 -48286 -35948 2128 8927 -26569 -7340 7915 -36161 42455 -39251 -10421 7735 
23052 -1719 -16996 -2512 12904 8881 17568 52058 -22663 -17335 16362 -46065 2761 -22877 1521 29882 
29679 26590 37 28668 22040 16039 12109 -18420 -9503 993 -2455 -10563 -27580 -14997 -34902 23970 
27897 11019 -6261 16782 3922 -1968 15424 2446 7182 10982 29492 -8629 7395 -19237 -23743 9295 
-14629 -21306 -40958 -13976 -24735 -7808 -21423 7073 -8395 42132 9298 23129 13043 -34680 8759 -12314 
8965 25432 34129 -13934 -9200 -4954 5419 5517 13718 1129 -13490 19665 -39725 67581 23493 11652 
-8869 -10978 -25131 -5721 -24752 23160 11293 19499 18984 -2642 -12802 24956 13362 -6911 1189 -15075 
-38196 10497 55157 33071 13971 11399 46027 -14381 44727 -10896 -10441 18663 -6695 33935 15524 -9348 
15170 18984 10645 23464 -23202 -22204 28983 7437 14324 2950 13560 -2119 1726 -589 -10180 12250 
9715 -19050 26127 -12443 14635 2354 -3758 -12671 -2602 -5246 6738 861 18536 48203 8357 20432 
