 -100  -98 -107  -43  -67   28   70  -86   19   57    6  -56   33  -73   66   -9
 -125  -21   61   77   61   97   13   51   77   -9 -102 -118  -20    5  114 -119
  -93    8   94   96   36  -92   11   55  -34   17   -1   -1  -56   66  -10   76
   45   51 -103  106 -107  -89  -99  -30  -98   56  108 -117   61  -33   20  -32
  -25  114   65   11   23   76   66  -11   93   66  -12   38 -124  -22  114  -79
   29   11   27  -78  -78  -71 -107   81  -15    1  -36   46  -32  -16   14  -57
   98   79  -46  121 -101   21  110   -7   87   98   31  -37   76 -111 -116  106
 -100  -89   28   79   96  -79  -96   81  -77  124  127 -109  108 -114   91  -50
  -35   45   72  121   66  -74  114 -103   25 -111  116  101   34    0  -49  -66
  -88  -20   13    8  -99  -83   90   80   41  -39  -28 -107  103   63  100   69
  108  -84  -66  -81   98   48   72  123  -63  -67  -31  -29  -67  -80  -95  101
 -100  -81  110   58   92  -56 -118 -122  -95  110   27    9  -83  127   78   26
   43   12  -55 -114   60   17    9   -3  -50  -22  -32 -116 -101 -127  -15   55
   48   95  113 -115   39   -4   19  -55  106   46  -46   24  -82   32   50  -39
   44   -5  103  104   12  113  101  -37   91   69  103  -10  -58   88   46   -9
  -72  -97 -124  -33 -101 -105  -88    6  -59  122   30  115 -102   80   77  -58
