-3018 -6960 20830 -37198 -7849 -65432 -2952 7784 -7975 34735 -10745 -26375 8777 -30472 -13838 -62184 -4224 24760 21328 -16684 23041 4337 -15468 -22615 37283 9576 -42012 51018 34225 -24886 -17813 48731 
-10029 -17777 26042 65771 23516 3707 32278 -9868 -47603 -5527 -1799 -16370 -38220 -19047 -49713 -15185 -26264 -17014 -7726 1445 22280 18356 -13904 -15039 10988 6582 16939 -12867 27461 35361 -15145 -3996 
-7952 -20165 -29715 15659 -661 -23522 14848 -55836 47433 -26406 45755 -5389 -23603 15270 -34628 -6832 -16418 -16178 -58272 -3272 45729 36824 -81377 -31780 -41393 8196 40129 -17544 -70293 -30362 -13135 -2370 
-40953 65588 -28592 -41784 -14204 73411 -6879 61264 -65845 4645 4130 -24879 44146 -24711 3384 -39696 12177 6338 15936 397 -56972 -2195 35789 -12120 -9683 -28127 -26451 10067 46561 -11378 -7482 31018 
-805 -5753 -13703 -20853 10271 -13964 15888 -14346 16439 -46924 49049 50244 10297 51687 10799 9907 11252 4001 -17401 -5770 -36028 -6049 195 -27294 -73998 -4497 -1040 -10532 -47016 -6028 -4081 9055 
-1003 -47984 -13826 -156 42368 -7967 31056 -5587 51198 -55545 72084 -26791 2892 -86228 39428 24793 -19403 -35964 13882 -32223 -61117 42462 -12211 -36926 -28556 -8945 19625 -39139 -23241 6252 -15220 9932 
-44272 -21553 28815 -16838 -1416 -20523 59223 -31534 -32243 19733 -31481 33273 -15890 49937 17451 -4790 6762 -38865 -39753 4856 227 -14393 -305 -19622 16466 -14742 -2192 25182 -38405 -20813 -10605 -14576 
-11718 14064 -28561 -7225 -26669 10621 58958 21581 -51333 33188 31896 -28344 -4645 -69116 -20921 -74491 -10537 29853 -51776 -17519 -22774 64313 -55382 -26481 -14868 8902 18736 -10580 26583 -35247 -13416 9085 
55494 28412 22398 41471 23277 -10038 38591 -13692 29982 24494 -1008 7196 -12331 -43193 -10297 22875 3518 -27902 -31748 45633 15205 15211 31935 4417 -34139 10913 -43713 15474 12632 14395 -22444 9699 
-45537 -16270 29193 -43532 52753 -2177 32775 -16335 9890 6005 -6211 13869 -21162 22833 15637 39208 -35857 -77474 -15234 25175 -33207 6351 35390 -25879 3734 -62677 -506 20882 -26381 -33253 -35690 -15331 
19352 -60664 -6345 -14619 -39995 -1509 -64 49170 16521 4590 -16371 -41816 -35669 13652 -28492 2915 24484 -8171 49900 35477 -45736 -4765 69825 -1865 22401 3342 35669 8942 18121 3328 26360 11075 
48925 8 5892 31262 -33712 40726 2134 13582 -634 38697 -33423 -27692 -42526 30902 -24303 38508 38304 -53438 15401 25296 34945 -21791 12905 8167 12588 558 24449 14826 40902 27624 19753 40434 
-2319 30364 -73966 -58032 -52307 24235 -16499 6320 -10256 -9555 -35912 -16165 23331 15065 -5489 39732 46770 26097 34153 28751 -16142 9544 -13162 7552 -183 24996 -12958 5747 -33676 -17107 -30264 -4464 
16806 -21702 47968 -11852 -9060 -48079 34801 7910 -12219 15755 -7355 -13204 8444 36907 -7358 -45298 41410 63466 -37660 24912 -41865 -7942 -8309 -28374 15810 36775 23947 22783 -29 -45864 19038 -30937 
-6303 31188 -672 -24711 38996 -23766 -41412 -6527 8082 1118 54665 36823 -16097 -20473 15399 -51946 -36149 -18942 -21622 -25110 39702 26707 -13595 8752 -16268 -23177 -17914 8444 18176 -20886 6687 5677 
-24039 11393 1457 -9871 -17262 31388 53840 14488 -34785 7032 11443 52357 4845 31604 31262 43578 29008 -21984 6938 -47021 6583 55270 38648 -1239 -9646 -13453 -44952 -12884 -31662 31311 -30112 6815 
11700 9219 9477 18324 -40639 -22333 -13424 27431 -26826 14509 19554 46077 -19991 10917 -42896 -39716 39858 26935 6248 -64433 33446 -10451 -3321 -40942 -23860 22665 2070 -29770 63490 48889 23515 33236 
-8415 48481 -37668 -90957 -18891 52666 -37549 93867 -19142 7844 -628 3831 22632 55239 1870 -26909 41368 -16248 25918 27585 -64294 -38628 25439 -59482 -37395 -10382 18454 11064 14541 -59196 22664 -24442 
-8150 -23200 -31634 -10880 19666 -15034 43514 -735 -2156 1908 33285 47390 -5196 52535 14970 -26677 13426 -42630 -12809 29466 -50179 4051 16583 -45654 -33883 -16767 -10943 -8829 -54752 638 -3545 -37785 
-18779 -14165 -65387 -44942 -28076 39352 -19653 15558 -47039 -1833 -18513 -5316 -2204 28512 -9403 -18308 -8144 -1284 20473 2310 -14811 -25263 -22719 36095 -39483 -22888 -5462 18138 -45134 -8126 1568 10043 
-2326 4952 -31522 -35679 12814 20228 -15711 53582 -8104 -9486 8851 -72448 54981 -2214 32094 -27150 -32123 -17402 42697 -13280 8024 2393 -2288 -16008 57145 -1734 58311 5750 19162 15920 41525 -18291 
60580 -45649 35328 44834 3691 -41166 24597 -14699 29619 13554 3281 -1731 -17500 19486 -40028 47902 -30224 3386 38170 -17682 32315 11103 -2089 -11774 -12066 17660 -7670 -4948 20769 58989 -30089 28334 
7261 12908 -4140 -73564 -6849 12305 -55930 1509 60664 5196 -21171 5667 52048 -30362 42178 -7368 24663 24347 38069 -22313 -24579 -28391 591 12918 28772 44388 -11124 8096 18511 -54876 -4607 -6800 
28294 -6495 18942 10702 -4842 -12276 28579 -23158 -8768 42160 7484 -26119 -8839 -18556 30357 -63493 -62544 9698 -28906 -17530 3151 8329 -30453 19546 36900 -19551 67572 -30613 19041 3831 39729 -46596 
36194 -12779 38186 28108 14573 11433 3430 -40175 40844 32519 17509 -4113 7792 -7516 12424 -5365 -79602 -21187 6340 1181 6022 -1477 5468 12810 -10284 -9322 11558 -11090 47750 -10092 -17162 62706 
608 -61145 4688 22794 -31090 -21193 29138 -11090 -7859 -30137 31486 26010 -13721 -6529 11415 28181 -7903 52714 -8232 -79368 -16813 -3020 -5481 12210 -14202 15763 -11074 -3994 9323 24837 24123 33335 
14507 -4306 -7385 35945 11298 -18451 -42503 -65882 14813 -45166 -24655 569 -10587 -1073 -4557 1380 -14369 19500 -28698 19293 39853 -39245 -17577 14451 -6077 39392 13950 -3774 -9795 6021 2856 -47994 
18286 64720 23292 -24721 3586 -9826 25345 5351 -13432 6528 -14660 18544 6928 -9194 -90290 1830 41589 14234 -464 68980 917 -2291 -14310 -29158 -71229 7447 -3956 -4416 -11472 19145 -57906 4413 
5088 -12782 -33869 -6736 -50334 21418 -50058 15888 -13418 -25754 -50046 -30159 -28978 59129 -57283 32639 -17883 4064 28450 9068 42126 -10455 -24156 22670 5948 51191 54939 41144 27547 14130 31384 -8803 
-16708 21714 -21472 1517 32645 28732 -43372 49520 -23106 -37315 -31347 14674 -24836 -13155 -1026 -2128 -9066 -4350 16034 -16700 4688 -58261 5434 -17078 -5891 -7727 -25884 52713 58668 -3656 21446 -18407 
-38421 48793 11192 -39545 11373 9983 -8288 1750 23454 30479 -20486 49007 -12262 -8051 17232 -9332 42594 22826 9325 32753 -29683 -13730 42483 -12598 24674 -31623 -110124 18267 10493 -74106 -65121 26250 
-20270 -48443 20734 32409 -10808 16020 105444 -51258 48989 -47406 -18891 18261 -6576 8169 19075 53594 -46064 -30752 -32401 40368 -54202 -13807 -10804 -7223 -25759 27992 53508 -9641 -46351 -7109 -26961 -2775 
