-1269 -32812 -7832 40515 -7929 -43223 43234 6763 -3558 -57020 6469 1472 -21420 34785 13397 -18123 28749 14689 -6868 -57569 3473 -8646 -42761 -33671 7498 -30473 -22635 56367 10300 22001 -16177 -58981 
28198 884 45444 -24182 -9074 -9813 2783 -5260 9601 23491 -38043 -74219 -53703 -32608 27789 1131 -22237 72364 8549 9804 -19625 -20790 -5686 -33376 -50679 -10130 62008 391 -7529 6563 -67030 29358 
6113 -57001 31312 -36277 25925 27879 -7454 52143 -57840 -8294 -28783 7618 30350 -19601 -55721 21313 27111 -53299 -35660 -5400 4998 30862 48729 -14836 42248 68203 12873 43468 -14484 -25008 62990 -32821 
-42051 31356 22283 -8463 -5588 -21501 51757 -5754 29976 15599 -14561 6099 8557 -22370 25302 13828 15205 30297 53329 36975 -11821 -29982 -21201 -58603 -26233 -11565 -21820 653 -7459 -5214 -2373 15576 
-9780 -26173 -8870 -4485 -6261 -5047 522 65490 1135 19550 30035 9550 -12326 53855 5047 -1960 -14179 1385 8088 -10176 73284 26742 -11349 19326 10033 23406 -22023 -1773 -40714 -17838 10744 61146 
-6061 47269 31011 -36227 -16892 -61269 39263 85256 -21067 -76899 36600 10697 -40217 68260 61928 689 31805 15710 24119 -57558 7045 -56207 27217 23715 -62914 3639 19913 84237 -12640 -25944 -20282 23948 
-32335 -18936 36165 6112 -4840 -17552 -29682 -19507 22909 20600 -26279 -1869 -21842 16688 14552 25972 11822 21066 -9015 1001 -31396 11777 -24643 4732 6744 11778 -16747 22059 -19678 -5289 -5425 16432 
-45704 -29277 27566 -19626 30540 -15010 45719 55176 -44029 -44805 -68597 -23859 -38272 -68797 41935 30917 35807 16203 54175 14570 3613 -13579 7355 -25812 -53936 23137 82962 62665 -8942 35765 -51417 -21479 
-1615 8688 8085 -6841 -15182 29474 -11129 -7743 -23428 -27867 42820 24650 15947 -17532 27933 52908 5228 -20271 21177 -80237 -16120 23767 -9760 4829 82 -6250 20398 -18076 4963 -8386 -20870 -40618 
-56093 31044 76530 -4262 -24760 -73295 -10749 -48119 36419 33449 -9305 -31376 -41145 4583 1402 -18337 -4008 10037 -18309 786 -10555 -14322 -8132 -13070 -13136 1604 13705 45367 5038 -17006 -11580 57424 
-27982 -26358 3117 45520 56823 52622 -27513 -14388 17913 11608 17315 -45506 24170 -39180 3680 -14134 -8358 38845 -10781 36851 -49407 -16978 17783 4739 -96731 -39313 -25984 16041 49788 28528 -67437 -4175 
40049 22031 3684 6161 -4536 40484 -70336 -28671 -1130 17333 59656 57824 53393 -42087 10425 53195 22020 8191 -27448 -61673 -79865 13343 22329 -26864 -9425 6421 14590 -49892 51587 -36184 46581 -62178 
-32097 2724 -74885 71915 41865 41526 3520 14485 -4719 6087 23688 25732 58273 -7902 -14329 -12526 -58432 -41381 9191 34436 16857 28727 -45621 603 4733 9507 -43358 12449 2963 29053 44978 -44783 
-39279 -31507 36745 30991 12004 -14510 9858 12644 -15400 -11229 -33521 -16204 -82195 -53303 2701 24499 -29012 44234 27536 23167 22983 8400 -14342 21673 -20297 13306 40118 3219 36358 44924 -80520 -7820 
48281 8524 60296 -62522 -7197 -60019 -21343 -1368 -3649 -27635 7545 21477 -56817 9412 16706 9568 49815 -17046 -8399 -25344 33242 23672 24862 18392 23992 42694 63880 -18014 -14764 2077 12640 47207 
-11089 9857 3571 -59699 -3430 -3915 -33381 29869 -12261 20598 40551 50029 -23526 25772 102760 7710 11101 53817 32721 7756 -13774 80405 -61976 -2228 -39611 7182 -70 -23840 -75068 23343 26805 -15485 
76687 -42244 -9995 -2554 12109 45910 -39394 19030 -728 44413 15265 5462 33001 22686 -18588 33448 15142 30666 18567 -28232 4470 -8611 2873 14661 21612 2374 -3828 -23129 14114 2040 16336 -10696 
-67950 -24242 -17691 7784 54986 22051 -32467 -2289 42378 12097 -22468 959 -7179 -31058 -27276 18933 43636 31916 44435 64052 -4139 -2095 2503 11924 -43622 35811 -40946 -33406 33366 1675 3297 70199 
-1956 -13733 12067 -3430 36747 13406 -16511 37717 43649 39045 -21840 -16056 15331 60718 -9880 27272 -14893 -25566 40788 28649 70797 22112 -27698 1445 -35327 14521 -34893 35000 -73916 -32815 -23368 86595 
-10101 -220 -85502 30113 19164 16977 53250 50459 28588 -24949 -26708 21016 43603 46872 -24062 24129 27757 -60054 -37033 49279 29028 2312 4624 -22978 48831 5395 -50638 18262 -41199 18312 10904 -10718 
-24134 2610 307 -908 -30147 -51582 20130 -863 13757 -6578 10432 8262 -29496 22518 13584 -26008 6310 14972 33963 8359 -4506 17780 -31680 -21082 -60184 -34109 8119 26752 -27967 14559 1712 -17891 
51208 -16414 -41128 19369 -41418 -19117 13389 20273 -12472 20659 55335 -11577 -14853 54378 11539 -49030 -38078 35762 695 -92086 48036 13549 -59787 -38278 -7208 -43838 3441 5420 2397 -20353 -862 -25803 
-7516 5960 -19360 13524 11694 -12033 4475 5823 11385 -46411 -27434 18080 1946 36449 22940 16324 -17906 -34384 2764 30511 20650 11828 -36506 44795 24587 -39929 -37266 74520 -18178 37745 400 -50469 
18237 6875 218 -14155 -52015 -56378 27282 -1974 -12547 29282 13847 11684 -42670 28049 -18570 13835 36368 14065 44188 -17726 -10460 -39576 24067 6280 -9093 -23811 3594 -21943 36742 -24036 -21051 4986 
-3938 -20320 17194 -37349 -55079 -38055 8904 -646 -6043 8974 12422 -50842 -4879 30248 61917 -29042 17653 34805 1139 -60309 6334 8282 -37753 -50881 -29333 -68130 -5333 24462 -29633 -44214 2628 32620 
33166 19049 36765 36460 -31041 4346 37901 -13253 15539 8832 41715 24194 21212 46166 19073 16283 -22632 -36281 13400 -50907 29610 -4897 -30408 11620 37162 -28347 18672 56957 12877 24092 1652 -29952 
74872 29945 5163 12477 -22375 23145 18723 -6892 -15318 -1688 5701 417 -6482 26168 -64654 51811 -32301 -39268 -20267 -6033 5257 -7916 14430 28373 73607 12675 -3516 -12982 19935 10828 -2022 1179 
-15190 -47301 -24664 583 14439 -6975 -41057 15526 -10037 36083 -25270 -28473 -30716 -64216 -43970 16676 -44740 33500 -7322 -14437 48463 -17200 34701 -15972 20543 56781 46614 -45502 18166 -26613 36735 -29756 
32787 2322 -940 45639 13649 62649 -2428 -40658 -7348 43291 28473 9549 53924 -43974 -75741 7016 -27914 -57977 -33918 -2907 -14440 52503 -36059 -25593 52616 23494 5625 3578 43488 46739 24303 -59288 
24924 54405 -17138 -4661 -25929 3732 31501 -32068 32295 -6506 -11335 -1607 -15324 9471 -60941 12196 40159 -23276 -704 7332 35617 2184 12922 -3739 32353 2188 14304 -5787 -12528 29887 -35036 41768 
-43767 -13026 -39014 -36965 27207 -1390 -32104 -36676 29869 -20269 -52133 -20587 -26754 -33282 11443 -16951 9903 24409 28510 66583 34169 24425 9097 4903 -30917 -50112 7334 -26876 -28703 23547 -24737 77593 
-62039 -40539 -24219 -51522 -10525 21739 -12789 35559 -26260 513 -22079 -35657 -5713 6400 -3520 5284 2091 -2168 20826 -32168 3457 13438 20770 -1879 -50882 -35836 16129 49690 -50201 -32446 -7616 45105 
