7449 -31068 -29531 -27783 -52821 -29423 8711 -22814 -14482 10149 47763 55046 -2392 18647 -14213 -27401 50685 -9872 19156 -64309 16550 48983 -15645 -42247 23428 -21604 12500 -58396 -19398 -10340 52108 -13022 
-51430 -5234 15106 -12063 19675 -6849 52381 15959 -23360 20167 -21761 24403 47789 -48838 7995 -7426 19375 -64873 64705 17597 1700 22376 -34042 -55007 -41469 10821 33339 77104 -10575 8329 6646 -57184 
-24098 -56096 33528 17957 -35427 3044 -658 -62605 -7791 -16683 6951 -6391 -30302 -6123 44001 -6051 98 44194 -25761 -10423 -59250 7641 -35341 22607 4481 -39053 -46732 -10572 17975 17617 -9824 -47609 
28253 28687 -12098 26334 -229 18091 9484 -30900 17517 6366 -24400 -1101 -606 17760 7792 -5368 -29678 -20936 -23476 53658 -18196 -1434 -17090 27670 -7520 -40827 8224 31110 -35950 52331 -51356 11147 
-29179 33385 -11167 9275 1565 -52649 -35850 47453 25931 31534 22336 -36021 -63785 25947 32934 -8979 -63512 46542 18038 56853 68759 2322 24055 47088 -58936 -4642 10229 9198 -21310 1335 -31543 73535 
21268 296 18365 16724 -28725 -1841 -20785 -13298 -17789 -36400 17045 4516 -41330 1192 37071 20442 -17784 33226 -20413 -52699 -69719 1869 264 11649 -55239 -32258 30276 8853 -2675 -5299 -30890 -22486 
-3627 -1722 -32591 -1320 -3487 41415 16047 44123 -51328 -41816 -52129 15669 30377 -38392 -30415 34083 -7509 -31706 6694 9484 -32796 -59318 60342 40858 7093 6055 20620 29463 -6235 -18068 -6627 5183 
23991 -6757 -10856 46053 -11781 -37232 67044 26369 31306 31078 -25746 -7168 18235 76226 -72048 12393 -3947 -54889 26185 -33110 50770 -20069 -54324 -41293 58923 -27528 -12356 89101 8828 7068 -32101 -29548 
33843 29375 25929 -20471 -22960 -67664 63165 42164 -1366 16988 31614 32409 -31571 58320 -8046 -38756 -29319 -30865 65556 -42704 69979 25356 -58638 -36444 -5428 33086 42456 25598 -46440 -6403 -10006 -5063 
-10387 -74527 -6728 23072 12957 84135 2486 -11015 -2700 -13588 -64365 -61612 2732 -11477 -46742 42380 20807 10927 3938 25985 -17251 -22886 -11343 42277 -39 12588 -36305 11232 -4115 20594 -33059 -1807 
-54437 57037 9859 -23822 5183 -67143 -19798 2759 6622 23041 -31946 -39604 -51983 6232 -8972 23003 -5558 28469 12884 52155 37061 -11936 38349 1384 2376 18466 5613 4827 -20389 -352 3260 50519 
5637 -13640 34413 -26868 26374 -20297 19962 41077 -7925 -47506 -43159 42922 -8947 9525 12009 65090 31345 14048 37511 33729 -49685 2381 2010 -8650 -5574 -17638 -20132 27430 14 19563 -41643 -33902 
-17751 25502 46496 -34203 -38235 7935 90396 -14050 9418 -3480 23273 -27079 -15999 6556 10728 20960 29582 -4144 23501 5800 19464 -13234 4012 -25315 27384 -16645 8211 -9516 -4294 37953 -18928 29434 
3913 17742 7466 3256 35394 -31885 -20272 14483 16308 42506 41889 7571 14185 -2327 -18585 -55542 -35001 -26088 -52278 36203 20107 -591 47565 -2442 9165 23543 32861 -27463 26043 13716 6188 -20212 
-22103 11399 6907 11605 -44659 -36473 21776 -30682 29133 37204 3100 -12955 -8730 -7339 21121 -17216 -23979 -30854 5869 8354 14114 -21868 -34260 36256 16186 -34347 2283 10755 24753 6572 -65568 529 
-248 -8757 161 -25492 52945 11083 -5867 -14924 8452 -44998 -4209 24013 -1630 1874 -12246 15080 3717 -34508 21573 17087 2062 56015 -18600 -4360 304 -158 8246 -3434 -15892 51592 5750 -12814 
-34981 -15584 -70685 9902 -27966 67793 33333 -5219 -18480 6619 16849 -14379 60091 -1888 -8326 -36714 -4757 4207 6151 37312 -262 39147 -55900 -1480 21834 -39139 -89179 -37320 -9989 21915 -5113 17301 
3962 14817 -22462 -6036 7013 -32394 36391 39505 20817 9475 15013 87270 8641 3276 -42035 2880 -5151 -44114 44329 -1961 39602 15359 20984 -36040 34191 11928 25554 -13423 -3537 -9133 5250 9734 
27794 36364 33253 -17173 -34750 -35226 -16902 -21243 25844 37825 15315 -318 -15075 23615 66964 4333 -51512 225 -5649 -12844 -27603 16385 -36348 -2308 -20086 -51144 67821 38761 -42786 26147 -15512 -20343 
53383 -11688 -7918 -44309 -15166 -41930 7626 12469 30109 -4365 -4411 -1421 -54489 59470 -3650 6627 51424 61534 11765 21924 28240 34393 952 -46064 -846 -16663 3090 -44807 -27999 17705 17803 34829 
62868 -8331 -5916 39894 -28119 9742 -30454 -19658 -16165 -20466 11993 27751 15332 -232 -6972 13273 -21896 7386 -29697 -64173 -29907 7734 1425 4679 18735 -4192 20137 -31156 -3106 -16030 -933 173 
31324 -2273 65450 32093 60386 17620 -18385 8540 12737 4727 2170 32082 3361 4240 -13295 40185 -22514 -35526 18903 26564 5391 6803 14299 56917 363 29365 14146 58247 24897 46187 -32043 -41481 
20949 -46150 11009 96291 15464 41599 -38839 -24429 -11498 39992 -13400 -7508 76555 -32749 -43190 8005 -40336 -16405 -29607 -28778 -53443 -33188 1826 18637 17342 -18545 -31190 81141 67192 -11291 -11334 -88665 
21812 51764 53265 26902 -4800 -59889 20675 3693 38877 17233 26670 35707 -14064 17904 2224 -5836 9508 38072 -5984 -6251 7751 -36121 47429 -25864 18172 31744 15884 19430 8710 7836 -2996 -20039 
28236 1899 -114577 19852 12257 45140 40743 43714 -34952 -2190 13616 -11945 4353 30394 -84645 -42965 6779 2575 -10049 14048 19884 -21338 25572 15525 30632 -2712 -41626 -44639 16138 24762 -30845 32363 
-3443 17111 -37963 -48854 31666 -1739 10834 19464 -26602 -47992 34226 72638 -436 -7965 45303 -28386 39915 -6920 39672 -6974 2012 53818 -47986 -9937 -18346 28944 22919 -32314 -29997 57157 29978 -72586 
5072 25258 21612 -26892 -59253 -13768 -2351 -48062 12669 -6259 -2992 -6908 -12313 -2688 23494 12618 -3789 45076 19177 -47759 15091 24050 -29670 -25627 38231 -48618 11859 -8933 -20361 2652 -9418 -2377 
7572 15208 5060 -12938 -13982 53523 9400 3585 -11241 12446 32427 -16489 34564 30570 -92035 35026 45103 -35682 -19145 -34807 -18772 3836 45051 -8350 19593 30114 -30047 19481 -10777 -10576 12176 26729 
-23348 -24433 14563 29712 -20880 -24565 51282 -29245 370 -15591 -8379 -17185 -50438 13779 -21335 -9252 -6704 21305 42896 -19985 32884 -15512 -27111 10416 23714 -17331 -20002 16601 4141 28275 -39939 2226 
-45903 13485 -7169 9310 46027 34938 -14363 258 -9810 -9039 25935 -6078 53914 -44941 12525 -45156 23602 25606 -24287 5280 -66878 -53918 52937 -9120 -57739 -8684 -39818 13915 59942 -26210 -1323 -15376 
54101 4140 -49350 74461 -20145 -4356 21542 22570 13503 -7795 -19773 -16029 -808 33915 9190 13983 -20841 18860 -52610 -7045 -12916 -74237 -29609 15231 32773 -27636 -21961 17894 49255 370 -32949 -65073 
-28976 54828 -11817 -19319 -26292 -71331 34736 -37918 34930 46457 -24639 -36838 -38600 -21198 19285 -70370 -20162 25126 -25917 65954 40267 -6784 10772 -57482 8445 -5413 25222 -42154 -30430 -1965 -8594 51062 
